0 4.63434e-38 197 221 230
4.63436e-38 0 197 221 230
0 4.63437e-38 197 221 230
4.63438e-38 0 197 221 230
0 4.6344e-38 197 221 230
4.63441e-38 0 197 221 230
0 4.63443e-38 197 221 230
4.63444e-38 0 197 221 230
0 4.63446e-38 197 221 230
4.63447e-38 0 197 221 230
0 4.63448e-38 197 221 230
4.6345e-38 0 197 221 230
0 4.63451e-38 197 221 230
4.63452e-38 0 197 221 230
0 4.63454e-38 197 221 230
4.63455e-38 0 197 221 230
0 4.63457e-38 197 221 230
4.63458e-38 0 197 221 230
0 4.6346e-38 197 221 230
4.63461e-38 0 197 221 230
0 4.63462e-38 197 221 230
4.63464e-38 0 197 221 230
0 4.63465e-38 197 221 230
4.63466e-38 0 197 221 230
0 4.63468e-38 197 221 230
4.63469e-38 0 197 221 230
0 4.63471e-38 197 221 230
4.63472e-38 0 197 221 230
0 4.63474e-38 197 221 230
4.63475e-38 0 197 221 230
0 4.63476e-38 197 221 230
4.63478e-38 0 197 221 230
0 4.63479e-38 197 221 230
4.6348e-38 0 197 221 230
0 4.63482e-38 197 221 230
4.63483e-38 0 197 221 230
0 4.63485e-38 197 221 230
4.63486e-38 0 197 221 230
0 4.63488e-38 197 221 230
4.63489e-38 0 197 221 230
0 4.6349e-38 197 221 230
4.63492e-38 0 197 221 230
0 4.63493e-38 197 221 230
4.63494e-38 0 197 221 230
0 4.63496e-38 197 221 230
4.63497e-38 0 197 221 230
0 4.63499e-38 197 221 230
4.635e-38 0 197 221 230
0 4.63502e-38 197 221 230
4.63503e-38 0 197 221 230
0 4.63504e-38 197 221 230
-0.117667 0.114817 197 221 230
-0.394482 -0.0134652 197 221 230
-0.159409 0.00232851 197 221 230
-0.066009 -0.0419779 197 221 230
0.0259189 -0.132854 197 221 230
-0.132509 0.0814722 197 221 230
0.0774062 0.098042 197 221 230
-0.0170657 -0.177406 197 221 230
0.290766 -0.0684927 197 221 230
0.0136204 -0.0388432 197 221 230
0.290265 -0.0278117 197 221 230
-0.0290536 -0.144356 197 221 230
0.144487 -0.0388783 197 221 230
-0.012679 0.0843365 197 221 230
-0.214241 0.0861292 197 221 230
0.0899247 -0.160436 197 221 230
-0.478307 0.0129044 197 221 230
0.0682924 0.0702003 197 221 230
0.280381 -0.00528794 197 221 230
-0.0872811 -0.234622 197 221 230
-0.358938 -0.181467 197 221 230
-0.196094 -0.00481725 197 221 230
-0.193881 0.0219079 197 221 230
-0.0187882 -0.0892839 197 221 230
-0.0904056 -0.116104 197 221 230
-0.118538 -0.0855784 197 221 230
-0.352118 -0.128603 197 221 230
-0.210866 0.0610816 197 221 230
0.103846 -0.0188482 197 221 230
-0.125829 0.0795042 197 221 230
-0.315443 -0.117792 197 221 230
-0.0934702 -0.0118478 197 221 230
-0.228733 0.168878 197 221 230
-0.0914872 0.0287631 197 221 230
-0.152949 0.00973462 197 221 230
0.0173961 -0.0698698 197 221 230
0.211617 0.031317 197 221 230
-0.289164 0.0764196 197 221 230
0.181993 0.117822 197 221 230
-0.094662 -0.158192 197 221 230
-0.0402704 -0.0872057 197 221 230
-0.214832 0.0425137 197 221 230
0.0931899 0.194091 197 221 230
2.53847e-29 4.63506e-38 197 221 230
4.63507e-38 0 197 221 230
0 4.63508e-38 197 221 230
4.6351e-38 0 197 221 230
0 4.63511e-38 197 221 230
4.63512e-38 0 197 221 230
0 4.63514e-38 197 221 230
4.63515e-38 0 197 221 230
0 4.63517e-38 197 221 230
4.63518e-38 0 197 221 230
0 4.6352e-38 197 221 230
4.63521e-38 0 197 221 230
0 4.63522e-38 197 221 230
4.63524e-38 0 197 221 230
0 4.63525e-38 197 221 230
4.63526e-38 0 197 221 230
0 4.63528e-38 197 221 230
4.63529e-38 0 197 221 230
0 4.63531e-38 197 221 230
4.63532e-38 0 197 221 230
0 4.63534e-38 197 221 230
4.63535e-38 0 197 221 230
0 4.63536e-38 197 221 230
4.63538e-38 0 197 221 230
0 4.63539e-38 197 221 230
4.6354e-38 0 197 221 230
0 4.63542e-38 197 221 230
4.63543e-38 0 197 221 230
0 4.63545e-38 197 221 230
4.63546e-38 0 197 221 230
0 4.63548e-38 197 221 230
4.63549e-38 0 197 221 230
0 4.6355e-38 197 221 230
4.63552e-38 0 197 221 230
0 4.63553e-38 197 221 230
4.63554e-38 0 197 221 230
0 4.63556e-38 197 221 230
4.63557e-38 0 197 221 230
0 4.63559e-38 197 221 230
4.6356e-38 0 197 221 230
0 4.63562e-38 197 221 230
4.63563e-38 0 197 221 230
0 4.63564e-38 197 221 230
4.63566e-38 0 197 221 230
0 4.63567e-38 197 221 230
4.63568e-38 0 197 221 230
0 4.6357e-38 197 221 230
4.63571e-38 0 197 221 230
0 4.63573e-38 197 221 230
4.63574e-38 0 197 221 230
0 4.63576e-38 197 221 230
4.63577e-38 0 197 221 230
0 4.63578e-38 197 221 230
4.6358e-38 0 197 221 230
0 4.63581e-38 197 221 230
4.63582e-38 0 197 221 230
0 5.42433e-38 9 89 243
5.42435e-38 0 9 89 243
0 5.42438e-38 9 89 243
5.4244e-38 0 9 89 243
0 5.42444e-38 9 89 243
5.42446e-38 0 9 89 243
0 5.42449e-38 9 89 243
5.42452e-38 0 9 89 243
0 5.42455e-38 9 89 243
5.42457e-38 0 9 89 243
0 5.42461e-38 9 89 243
5.42463e-38 0 9 89 243
0 5.42466e-38 9 89 243
5.42468e-38 0 9 89 243
0 5.42472e-38 9 89 243
5.42474e-38 0 9 89 243
0 5.42477e-38 9 89 243
5.4248e-38 0 9 89 243
0 5.42483e-38 9 89 243
5.42485e-38 0 9 89 243
0 5.42489e-38 9 89 243
5.42491e-38 0 9 89 243
0 5.42494e-38 9 89 243
5.42496e-38 0 9 89 243
0 5.425e-38 9 89 243
4.634e-38 0 9 89 243
0 4.63402e-38 9 89 243
4.63403e-38 0 9 89 243
0 4.63405e-38 9 89 243
4.63406e-38 0 9 89 243
0 4.63407e-38 9 89 243
4.63409e-38 0 9 89 243
0 4.6341e-38 9 89 243
4.63411e-38 0 9 89 243
0 4.63413e-38 9 89 243
4.63414e-38 0 9 89 243
0 4.63416e-38 9 89 243
4.63417e-38 0 9 89 243
0 4.63419e-38 9 89 243
4.6342e-38 0 9 89 243
0 0.541352 9 89 243
-0.537717 0.44977 9 89 243
-0.552819 0.466294 9 89 243
-0.758197 0.494377 9 89 243
-0.649254 0.531122 9 89 243
-0.649484 0.602449 9 89 243
-0.761182 0.547496 9 89 243
-0.567571 0.655238 9 89 243
-0.702324 0.414637 9 89 243
-0.879559 0.492474 9 89 243
-0.668723 0.422954 9 89 243
-0.576775 0.509429 9 89 243
-0.672799 0.487506 9 89 243
-0.789795 0.484647 9 89 243
-0.80641 0.489104 9 89 243
-0.451958 0.738002 9 89 243
-0.452379 0.443035 9 89 243
-1.11587 0.470205 9 89 243
-0.682624 0.583721 9 89 243
-0.73981 0.499514 9 89 243
-0.755814 0.475979 9 89 243
-0.73298 0.568683 9 89 243
-0.604347 0.45314 9 89 243
-0.805939 0.619579 9 89 243
-0.728673 0.447396 9 89 243
-1.06307 0.557421 9 89 243
-0.764927 0.551292 9 89 243
-0.602333 0.658247 9 89 243
-0.538257 0.395188 9 89 243
-0.835393 0.65332 9 89 243
-0.529294 0.511713 9 89 243
-0.348393 0.49306 9 89 243
-0.867752 0.557031 9 89 243
-0.523195 0.379875 9 89 243
-0.389444 0.555033 9 89 243
-0.737306 0.518102 9 89 243
-0.901482 0.539079 9 89 243
-0.661703 0.671898 9 89 243
-0.464547 0.54334 9 89 243
-0.677927 0.264557 9 89 243
-0.50012 0.545794 9 89 243
-0.506339 0.459259 9 89 243
-0.698588 0.56007 9 89 243
3.71115e+12 2.53847e-29 9 89 243
0 0 9 89 243
0 0 9 89 243
0 0 9 89 243
0 0 9 89 243
0 0 9 89 243
0 0 9 89 243
0 -1.01201e-21 9 89 243
0 0 9 89 243
4.59135e-41 0 9 89 243
0 0 9 89 243
0 0 9 89 243
-1.01201e-21 4.59135e-41 9 89 243
0 0 9 89 243
0 0 9 89 243
0 -1.0208e-21 9 89 243
0 0 9 89 243
4.59135e-41 -1.01219e-21 9 89 243
0 0 9 89 243
0 5.40367e-38 9 89 243
-0.562333 0.405408 9 89 243
6.58806e-41 5.4136e-38 9 89 243
-0.62015 0.342389 9 89 243
-0.468152 0.46359 9 89 243
-0.441242 0.470896 9 89 243
-0.731938 0.510876 9 89 243
-0.491537 0.620811 9 89 243
-0.656355 0.47366 9 89 243
-0.349775 0.441888 9 89 243
-0.342564 0.408828 9 89 243
-0.845108 0.360531 9 89 243
-0.328002 0.581648 9 89 243
-0.676455 0.441873 9 89 243
-0.891547 0.535984 9 89 243
-0.526981 0.711688 9 89 243
-0.686089 0.38688 9 89 243
-0.945208 0.480906 9 89 243
-0.625859 0.377977 9 89 243
-0.561452 0.601442 9 89 243
-0.725468 0.494106 9 89 243
-0.607171 0.555568 9 89 243
-0.468513 0.319875 9 89 243
-0.552388 0.370205 9 89 243
-0.889484 0.275739 9 89 243
-0.690996 0.444246 9 89 243
-0.664517 0.581007 9 89 243
-0.784777 0.452414 9 89 243
-0.407551 0.48342 9 89 243
-0.723055 0.588433 9 89 243
-0.618848 0.399634 9 89 243
-0.851477 0.553145 9 89 243
-0.748263 0.379074 9 89 243
-0.87306 0.378317 9 89 243
-0.590426 0.527802 9 89 243
-0.637827 0.472233 9 89 243
-0.661953 0.589775 9 89 243
-0.590896 0.499564 9 89 243
-0.509594 0.414126 9 89 243
-0.536695 0.394251 9 89 243
-0.707832 0.464732 9 89 243
-0.781753 0.425413 9 89 243
-0.696695 0.405528 9 89 243
-0.548863 0.609905 9 89 243
-0.689434 0.518523 9 89 243
-0.643766 0.385463 9 89 243
-0.420841 0.461577 9 89 243
-0.452689 0.310356 9 89 243
-0.666189 0.623215 9 89 243
-0.661903 0.497451 9 89 243
-0.7933 0.371948 9 89 243
-0.836194 0.389389 9 89 243
-0.569214 0.395113 9 89 243
-0.91312 0.533831 9 89 243
-0.494532 0.439384 9 89 243
-0.704136 0.3136 9 89 243
-0.938428 0.273686 9 89 243
-0.776194 0.520521 9 89 243
-0.863786 0.474206 9 89 243
-0.730616 0.407261 9 89 243
-0.384306 0.549184 9 89 243
-0.784737 0.480676 9 89 243
-0.655473 0.465483 9 89 243
-0.698818 0.325263 9 89 243
-0.512539 0.51646 9 89 243
-0.466991 0.346214 9 89 243
-0.719209 0.485193 9 89 243
-0.452379 0.486435 9 89 243
-0.431547 0.59667 9 89 243
-0.915093 0.602243 9 89 243
-0.65351 0.584467 9 89 243
-0.581542 0.470651 9 89 243
-0.718658 0.408999 9 89 243
-0.444907 0.64659 9 89 243
-0.448162 0.368728 9 89 243
-0.480661 0.37651 9 89 243
-0.739259 0.451377 9 89 243
-0.704527 0.497536 9 89 243
-0.689695 0.47644 9 89 243
-0.837737 0.448097 9 89 243
-0.504978 0.441698 9 89 243
-0.663335 0.321988 9 89 243
-0.340631 0.455088 9 89 243
-0.630025 0.561572 9 89 243
-0.47318 0.464807 9 89 243
-0.697466 0.410771 9 89 243
-0.584126 0.445378 9 89 243
-0.62008 0.338428 9 89 243
-0.672238 0.555428 9 89 243
-0.564206 0.589023 9 89 243
-0.542714 0.457586 9 89 243
-0.831678 0.357321 9 89 243
-0.651157 0.485659 9 89 243
-0.695794 0.604171 9 89 243
-0.83996 0.353275 9 89 243
-0.714942 0.531963 9 89 243
-0.798959 0.381352 9 89 243
-0.408633 0.544882 9 89 243
-0.702594 0.479965 9 89 243
-0.684276 0.464442 9 89 243
-0.564727 0.594306 9 89 243
-0.737276 0.591728 9 89 243
-0.936234 0.32325 9 89 243
-0.65349 0.588177 9 89 243
-0.803896 0.363335 9 89 243
-0.505658 0.358508 9 89 243
-0.547221 0.410646 9 89 243
-0.66016 0.444732 9 89 243
-0.630886 0.433175 9 89 243
-0.479699 0.734051 9 89 243
-0.608172 0.398693 9 89 243
-0.621102 0.466129 9 89 243
-0.522323 0.403545 9 89 243
-1.027 0.685809 9 89 243
-0.703686 0.633345 9 89 243
-0.655183 0.461688 9 89 243
-0.7133 0.505223 9 89 243
-1.05111 0.390766 9 89 243
-0.649404 0.601893 9 89 243
-0.364707 0.435859 9 89 243
-0.541973 0.610831 9 89 243
-0.209585 0.355178 9 89 243
-0.519509 0.527201 9 89 243
-0.717266 0.57326 9 89 243
-0.623485 0.641898 9 89 243
-0.869965 0.420045 9 89 243
-0.644647 0.526164 9 89 243
-0.754902 0.320195 9 89 243
-0.767161 0.412043 9 89 243
-0.505068 0.454872 9 89 243
-0.350526 0.585578 9 89 243
-0.661773 0.564822 9 89 243
-0.555784 0.427226 9 89 243
-0.629925 0.497281 9 89 243
-0.705038 0.37676 9 89 243
-0.445328 0.338798 9 89 243
-0.730035 0.567006 9 89 243
-0.776595 0.435714 9 89 243
-0.665879 0.440451 9 89 243
-0.742323 0.44341 9 89 243
-1.19333 0.303806 9 89 243
-0.229284 0.609604 9 89 243
-0.461642 0.46321 9 89 243
-0.824928 0.535233 9 89 243
-0.881182 0.31978 9 89 243
-0.717757 0.554772 9 89 243
-0.562494 0.470951 9 89 243
-0.580821 0.404472 9 89 243
0.307771 0.451437 118 42 196
0.610307 0.432352 118 42 196
0.551742 0.566295 118 42 196
0.449819 0.575731 118 42 196
0.49296 0.499645 118 42 196
0.50029 0.632746 118 42 196
0.517661 0.412017 118 42 196
0.498165 0.671766 118 42 196
0.391154 0.364314 118 42 196
0.495191 0.449981 118 42 196
0.638811 0.557662 118 42 196
0.535521 0.54773 118 42 196
0.331778 0.240714 118 42 196
0.588064 0.433789 118 42 196
0.756445 0.583574 118 42 196
0.756512 0.537263 118 42 196
0.43472 0.395955 118 42 196
0.311796 0.284985 118 42 196
0.531867 0.431477 118 42 196
0.338445 0.325585 118 42 196
0.713987 0.7605 118 42 196
0.653421 0.570898 118 42 196
0.498696 0.441944 118 42 196
0.543941 0.395481 118 42 196
0.39945 0.279663 118 42 196
0.712075 0.595425 118 42 196
0.355356 0.385382 118 42 196
0.670286 0.437808 118 42 196
0.63896 0.51957 118 42 196
0.943501 0.708311 118 42 196
0.348214 0.399592 118 42 196
0.26158 0.227234 118 42 196
0.531265 0.3271 118 42 196
0.752865 0.726946 118 42 196
0.631942 0.408635 118 42 196
0.534523 0.493633 118 42 196
0.749803 0.596774 118 42 196
0.446912 0.410632 118 42 196
0.537122 0.574329 118 42 196
0.688535 0.547256 118 42 196
0.50307 0.549802 118 42 196
0.315259 -0.0171838 118 42 196
0.633727 0.672499 118 42 196
0.385056 0.363061 118 42 196
0.53556 0.504889 118 42 196
0.611062 0.490701 118 42 196
0.532837 0.593032 118 42 196
0.683249 0.562867 118 42 196
0.504341 0.456794 118 42 196
0.865054 0.736294 118 42 196
0.818697 0.81687 118 42 196
0.435609 0.597985 118 42 196
0.330581 0.311538 118 42 196
0.485634 0.488927 118 42 196
0.583007 0.523642 118 42 196
0.71227 0.524385 118 42 196
0.448693 0.563912 118 42 196
0.585408 0.724061 118 42 196
0.713378 0.462488 118 42 196
0.854035 0.757171 118 42 196
0.637097 0.582165 118 42 196
0.824914 0.785583 118 42 196
0.681531 0.477381 118 42 196
0.729659 0.674676 118 42 196
0.5314 0.65067 118 42 196
0.387606 0.509411 118 42 196
0.777031 0.550141 118 42 196
0.252661 0.27091 118 42 196
0.598651 0.697929 118 42 196
0.801998 0.79452 118 42 196
0.704186 0.37238 118 42 196
0.474509 0.217876 118 42 196
0.464747 0.457934 118 42 196
0.447414 0.478397 118 42 196
0.649848 0.523581 118 42 196
0.618172 0.453976 118 42 196
0.576694 0.455668 118 42 196
0.441951 0.260079 118 42 196
0.407704 0.494086 118 42 196
0.686758 0.660102 118 42 196
0.454808 0.567244 118 42 196
0.460239 0.293657 118 42 196
0.542284 0.525529 118 42 196
0.318846 0.557676 118 42 196
0.51497 0.555647 118 42 196
0.484965 0.498732 118 42 196
0.661706 0.562895 118 42 196
0.727492 0.771781 118 42 196
0.341493 0.449567 118 42 196
0.645376 0.812001 118 42 196
0.644923 0.421205 118 42 196
0.633188 0.509861 118 42 196
0.418029 0.478152 118 42 196
0.528652 0.803138 118 42 196
0.712889 0.632144 118 42 196
0.467877 0.46901 118 42 196
0.588836 0.616037 118 42 196
0.698081 0.632193 118 42 196
0.455271 0.449663 118 42 196
0.623823 0.438608 118 42 196
0.486626 0.69482 118 42 196
0.569552 0.445701 118 42 196
0.445325 0.557478 118 42 196
0.546349 0.631315 118 42 196
0.317377 0.475072 118 42 196
0.488141 0.396115 118 42 196
0.681687 0.47857 118 42 196
0.732729 0.572704 118 42 196
0.65812 0.69129 118 42 196
0.544943 0.474969 118 42 196
0.608406 0.476261 118 42 196
0.412112 0.453873 118 42 196
0.627187 0.553211 118 42 196
0.467303 0.323233 118 42 196
0.642596 0.565916 118 42 196
0.523064 0.524948 118 42 196
0.705018 0.698567 118 42 196
0.474853 0.724652 118 42 196
0.523422 0.239043 118 42 196
0.536265 0.50189 118 42 196
0.369601 0.520094 118 42 196
0.640514 0.736301 118 42 196
0.476343 0.643719 118 42 196
0.514407 0.58492 118 42 196
0.482692 0.489108 118 42 196
0.749629 0.542263 118 42 196
0.30236 0.296943 118 42 196
0.288714 0.491654 118 42 196
0.648867 0.437543 118 42 196
0.556395 0.521347 118 42 196
0.311244 0.423007 118 42 196
0.519194 0.435468 118 42 196
0.308532 0.369491 118 42 196
0.53727 0.750118 118 42 196
0.734655 0.651325 118 42 196
0.536746 0.354747 118 42 196
0.658236 0.640454 118 42 196
0.539388 0.645684 118 42 196
0.572059 0.659539 118 42 196
0.712971 0.749576 118 42 196
0.573415 0.475263 118 42 196
0.365504 0.457991 118 42 196
0.5218 0.341111 118 42 196
0.785218 0.672895 118 42 196
0.378609 0.654646 118 42 196
0.605446 0.574995 118 42 196
0.775279 0.599964 118 42 196
0.870984 0.514329 118 42 196
0.635734 0.535599 118 42 196
0.558037 0.626737 118 42 196
-0.148563 1.29223 134 126 17
-0.167648 0.989693 134 126 17
-0.0337054 1.04826 134 126 17
-0.0242689 1.15018 134 126 17
-0.100355 1.10704 134 126 17
0.0327456 1.09971 134 126 17
-0.187984 1.08234 134 126 17
0.0717657 1.10183 134 126 17
-0.235686 1.20885 134 126 17
-0.150019 1.10481 134 126 17
-0.0423378 0.961189 134 126 17
-0.05227 1.06448 134 126 17
-0.359286 1.26822 134 126 17
-0.166211 1.01194 134 126 17
-0.0164259 0.843555 134 126 17
-0.0627366 0.843488 134 126 17
-0.204045 1.16528 134 126 17
-0.315015 1.2882 134 126 17
-0.168523 1.06813 134 126 17
-0.274415 1.26155 134 126 17
0.1605 0.886013 134 126 17
-0.0291022 0.946579 134 126 17
-0.158056 1.1013 134 126 17
-0.204519 1.05606 134 126 17
-0.320337 1.20055 134 126 17
-0.00457475 0.887925 134 126 17
-0.214618 1.24464 134 126 17
-0.162192 0.929714 134 126 17
-0.0804302 0.96104 134 126 17
0.108311 0.656499 134 126 17
-0.200408 1.25179 134 126 17
-0.372766 1.33842 134 126 17
-0.2729 1.06873 134 126 17
0.126946 0.847135 134 126 17
-0.191365 0.968058 134 126 17
-0.106367 1.06548 134 126 17
-0.00322562 0.850197 134 126 17
-0.189368 1.15309 134 126 17
-0.0256711 1.06288 134 126 17
-0.0527444 0.911465 134 126 17
-0.0501985 1.09693 134 126 17
-0.617184 1.28474 134 126 17
0.0724989 0.966274 134 126 17
-0.236939 1.21494 134 126 17
-0.0951107 1.06444 134 126 17
-0.109299 0.988938 134 126 17
-0.00696846 1.06716 134 126 17
-0.0371329 0.916751 134 126 17
-0.143206 1.09566 134 126 17
0.136294 0.734946 134 126 17
0.21687 0.781303 134 126 17
-0.0020148 1.16439 134 126 17
-0.288462 1.26942 134 126 17
-0.111073 1.11437 134 126 17
-0.0763583 1.01699 134 126 17
-0.0756148 0.88773 134 126 17
-0.0360883 1.15131 134 126 17
0.124061 1.01459 134 126 17
-0.137512 0.886622 134 126 17
0.157171 0.745965 134 126 17
-0.0178352 0.962903 134 126 17
0.185583 0.775086 134 126 17
-0.122619 0.918469 134 126 17
0.0746763 0.870341 134 126 17
0.0506695 1.0686 134 126 17
-0.0905891 1.21239 134 126 17
-0.0498587 0.822969 134 126 17
-0.32909 1.34734 134 126 17
0.0979291 1.00135 134 126 17
0.19452 0.798002 134 126 17
-0.22762 0.895814 134 126 17
-0.382124 1.12549 134 126 17
-0.142066 1.13525 134 126 17
-0.121603 1.15259 134 126 17
-0.0764186 0.950152 134 126 17
-0.146024 0.981828 134 126 17
-0.144332 1.02331 134 126 17
-0.339921 1.15805 134 126 17
-0.105914 1.1923 134 126 17
0.0601023 0.913242 134 126 17
-0.0327563 1.14519 134 126 17
-0.306343 1.13976 134 126 17
-0.0744711 1.05772 134 126 17
-0.0423238 1.28115 134 126 17
-0.0443527 1.08503 134 126 17
-0.101268 1.11503 134 126 17
-0.0371045 0.938294 134 126 17
0.171781 0.872508 134 126 17
-0.150433 1.25851 134 126 17
0.212001 0.954624 134 126 17
-0.178795 0.955077 134 126 17
-0.0901392 0.966812 134 126 17
-0.121848 1.18197 134 126 17
0.203138 1.07135 134 126 17
0.0321439 0.887111 134 126 17
-0.13099 1.13212 134 126 17
0.0160365 1.01116 134 126 17
0.0321934 0.901919 134 126 17
-0.150337 1.14473 134 126 17
-0.161392 0.976177 134 126 17
0.0948203 1.11337 134 126 17
-0.154299 1.03045 134 126 17
-0.0425221 1.15467 134 126 17
0.0313152 1.05365 134 126 17
-0.124928 1.28262 134 126 17
-0.203885 1.11186 134 126 17
-0.12143 0.918313 134 126 17
-0.0272964 0.867271 134 126 17
0.0912902 0.94188 134 126 17
-0.125031 1.05506 134 126 17
-0.123739 0.991594 134 126 17
-0.146127 1.18789 134 126 17
-0.0467888 0.972813 134 126 17
-0.276767 1.1327 134 126 17
-0.0340842 0.957404 134 126 17
-0.0750519 1.07694 134 126 17
0.0985666 0.894982 134 126 17
0.124652 1.12515 134 126 17
-0.360957 1.07658 134 126 17
-0.0981098 1.06374 134 126 17
-0.0799064 1.2304 134 126 17
0.136301 0.959486 134 126 17
0.0437187 1.12366 134 126 17
-0.0150805 1.08559 134 126 17
-0.110892 1.11731 134 126 17
-0.057737 0.850371 134 126 17
-0.303057 1.29764 134 126 17
-0.108346 1.31129 134 126 17
-0.162457 0.951133 134 126 17
-0.0786528 1.04361 134 126 17
-0.176993 1.28876 134 126 17
-0.164533 1.08081 134 126 17
-0.230509 1.29147 134 126 17
0.150118 1.06273 134 126 17
0.0513246 0.865345 134 126 17
-0.245253 1.06325 134 126 17
0.0404542 0.941764 134 126 17
0.045684 1.06061 134 126 17
0.0595393 1.02794 134 126 17
0.149576 0.887029 134 126 17
-0.124737 1.02658 134 126 17
-0.142009 1.2345 134 126 17
-0.258889 1.0782 134 126 17
0.0728954 0.814782 134 126 17
0.054646 1.22139 134 126 17
-0.0250055 0.994554 134 126 17
-3.54946e-05 0.824721 134 126 17
-0.0856706 0.729016 134 126 17
-0.0644008 0.964266 134 126 17
0.0267369 1.04196 134 126 17
0.379053 1.1953 87 57 101
0.618604 1.38107 87 57 101
0.486093 1.4428 87 57 101
0.403401 1.38248 87 57 101
0.486079 1.35394 87 57 101
0.403553 1.45862 87 57 101
0.562559 1.30454 87 57 101
0.376154 1.48648 87 57 101
0.499215 1.1851 87 57 101
0.520597 1.31816 87 57 101
0.557111 1.49391 87 57 101
0.486203 1.41815 87 57 101
0.536419 1.05312 87 57 101
0.600968 1.36743 87 57 101
0.628211 1.59114 87 57 101
0.658888 1.55645 87 57 101
0.510969 1.23764 87 57 101
0.492154 1.07311 87 57 101
0.560345 1.32853 87 57 101
0.485292 1.12119 87 57 101
0.479356 1.69577 87 57 101
0.559317 1.5135 87 57 101
0.528542 1.31445 87 57 101
0.593208 1.30952 87 57 101
0.561421 1.12709 87 57 101
0.587091 1.57069 87 57 101
0.45843 1.17723 87 57 101
0.659984 1.42482 87 57 101
0.582415 1.46544 87 57 101
0.686026 1.80841 87 57 101
0.443676 1.18316 87 57 101
0.49268 0.996583 87 57 101
0.628922 1.24984 87 57 101
0.530708 1.69632 87 57 101
0.650516 1.37758 87 57 101
0.521231 1.37691 87 57 101
0.614498 1.59665 87 57 101
0.510407 1.25671 87 57 101
0.469813 1.43916 87 57 101
0.601291 1.51899 87 57 101
0.460492 1.39824 87 57 101
0.694587 0.848748 87 57 101
0.477352 1.57669 87 57 101
0.495471 1.18012 87 57 101
0.514565 1.38604 87 57 101
0.580581 1.42533 87 57 101
0.454231 1.45036 87 57 101
0.587001 1.5272 87 57 101
0.522955 1.32932 87 57 101
0.608677 1.77752 87 57 101
0.520617 1.8073 87 57 101
0.378025 1.38977 87 57 101
0.488683 1.10545 87 57 101
0.487672 1.34105 87 57 101
0.537753 1.43149 87 57 101
0.634219 1.51753 87 57 101
0.410373 1.37287 87 57 101
0.407009 1.58341 87 57 101
0.675986 1.47183 87 57 101
0.586605 1.78589 87 57 101
0.539621 1.51116 87 57 101
0.545972 1.78795 87 57 101
0.642248 1.46194 87 57 101
0.547869 1.64176 87 57 101
0.415034 1.49264 87 57 101
0.400596 1.29159 87 57 101
0.665763 1.57968 87 57 101
0.457105 1.02345 87 57 101
0.434224 1.57256 87 57 101
0.522873 1.7795 87 57 101
0.728682 1.39817 87 57 101
0.658584 1.13038 87 57 101
0.492502 1.30399 87 57 101
0.465968 1.30788 87 57 101
0.587929 1.47565 87 57 101
0.610202 1.40249 87 57 101
0.577971 1.37633 87 57 101
0.606252 1.14051 87 57 101
0.425806 1.29338 87 57 101
0.525328 1.60246 87 57 101
0.412756 1.37941 87 57 101
0.597764 1.17779 87 57 101
0.505959 1.40597 87 57 101
0.3171 1.28232 87 57 101
0.465552 1.4105 87 57 101
0.480686 1.34796 87 57 101
0.570824 1.51298 87 57 101
0.482025 1.71317 87 57 101
0.405585 1.2162 87 57 101
0.393831 1.68903 87 57 101
0.65194 1.3956 87 57 101
0.584507 1.45434 87 57 101
0.444088 1.28826 87 57 101
0.31214 1.60519 87 57 101
0.563419 1.59877 87 57 101
0.487525 1.31437 87 57 101
0.48102 1.50465 87 57 101
0.552279 1.58901 87 57 101
0.490865 1.29152 87 57 101
0.624604 1.3947 87 57 101
0.352251 1.49614 87 57 101
0.579206 1.36413 87 57 101
0.412102 1.36581 87 57 101
0.439047 1.48801 87 57 101
0.370628 1.21938 87 57 101
0.550933 1.27309 87 57 101
0.641579 1.46294 87 57 101
0.61761 1.5673 87 57 101
0.483221 1.60691 87 57 101
0.54139 1.3698 87 57 101
0.588138 1.41274 87 57 101
0.455707 1.26613 87 57 101
0.551336 1.48288 87 57 101
0.583502 1.20464 87 57 101
0.554492 1.5026 87 57 101
0.491926 1.39282 87 57 101
0.513587 1.64339 87 57 101
0.323691 1.51073 87 57 101
0.681275 1.17861 87 57 101
0.517077 1.38426 87 57 101
0.380025 1.28769 87 57 101
0.440248 1.62903 87 57 101
0.378334 1.45101 87 57 101
0.445771 1.43208 87 57 101
0.485346 1.33924 87 57 101
0.650419 1.55565 87 57 101
0.477167 1.07584 87 57 101
0.338162 1.21287 87 57 101
0.644094 1.41046 87 57 101
0.519308 1.41217 87 57 101
0.40046 1.17627 87 57 101
0.5482 1.32315 87 57 101
0.433818 1.13434 87 57 101
0.353669 1.57112 87 57 101
0.56706 1.62755 87 57 101
0.614749 1.27421 87 57 101
0.516928 1.56886 87 57 101
0.424323 1.49418 87 57 101
0.439666 1.52618 87 57 101
0.485818 1.68691 87 57 101
0.562553 1.38885 87 57 101
0.418024 1.2384 87 57 101
0.612557 1.25409 87 57 101
0.590721 1.67717 87 57 101
0.297798 1.39457 87 57 101
0.520622 1.48485 87 57 101
0.631498 1.61589 87 57 101
0.759919 1.61495 87 57 101
0.569395 1.47533 87 57 101
0.450842 1.4923 87 57 101
