-0.311688 0.101587 71 159 166
-0.111257 -0.125834 71 159 166
-0.057957 0.0102904 71 159 166
-0.123355 0.0890336 71 159 166
-0.14665 0.0047271 71 159 166
-0.0473511 0.0936605 71 159 166
-0.191147 -0.0747021 71 159 166
-0.021262 0.122754 71 159 166
-0.314331 -0.0189784 71 159 166
-0.18019 -0.031968 71 159 166
-0.00249373 -0.0573811 71 159 166
-0.0825538 0.00863295 71 159 166
-0.443715 -0.0643916 71 159 166
-0.125969 -0.109089 71 159 166
0.0990086 -0.122238 71 159 166
0.0663095 -0.155032 71 159 166
-0.261152 -0.0274112 71 159 166
-0.42654 -0.0189584 71 159 166
-0.167341 -0.0709865 71 159 166
-0.378988 -0.00909356 71 159 166
0.194091 0.0328893 71 159 166
0.0171958 -0.0583525 71 159 166
-0.183395 -0.0401302 71 159 166
-0.184256 -0.104978 71 159 166
-0.368323 -0.0847021 71 159 166
0.0760141 -0.0824838 71 159 166
-0.324747 0.0212319 71 159 166
-0.0649875 -0.164387 71 159 166
-0.029324 -0.0844216 71 159 166
0.319479 -0.166304 71 159 166
-0.31975 0.0363295 71 159 166
-0.502884 -0.0242864 71 159 166
-0.241572 -0.144367 71 159 166
0.197857 -0.0183275 71 159 166
-0.112729 -0.157902 71 159 166
-0.121512 -0.0289133 71 159 166
0.103646 -0.108207 71 159 166
-0.242153 -0.0256535 71 159 166
-0.0626138 0.0263094 71 159 166
0.025308 -0.0998999 71 159 166
-0.104036 0.0330445 71 159 166
-0.637757 -0.235073 71 159 166
0.0751127 0.0274162 71 159 166
-0.319529 -0.0155533 71 159 166
-0.112819 -0.0216875 71 159 166
-0.0694642 -0.0851078 71 159 166
-0.0524187 0.0425638 71 159 166
0.0326089 -0.0851228 71 159 166
-0.168903 -0.0336204 71 159 166
0.283796 -0.0910465 71 159 166
0.307992 -0.00129194 71 159 166
-0.117667 0.114817 71 159 166
-0.394482 -0.0134652 71 159 166
-0.159409 0.00232851 71 159 166
-0.066009 -0.0419779 71 159 166
0.0259189 -0.132854 71 159 166
-0.132509 0.0814722 71 159 166
0.0774062 0.098042 71 159 166
-0.0170657 -0.177406 71 159 166
0.290766 -0.0684927 71 159 166
0.0136204 -0.0388432 71 159 166
0.290265 -0.0278117 71 159 166
-0.0290536 -0.144356 71 159 166
0.144487 -0.0388783 71 159 166
-0.012679 0.0843365 71 159 166
-0.214241 0.0861292 71 159 166
0.0899247 -0.160436 71 159 166
-0.478307 0.0129044 71 159 166
0.0682924 0.0702003 71 159 166
0.280381 -0.00528794 71 159 166
-0.0872811 -0.234622 71 159 166
-0.358938 -0.181467 71 159 166
-0.196094 -0.00481725 71 159 166
-0.193881 0.0219079 71 159 166
-0.0187882 -0.0892839 71 159 166
-0.0904056 -0.116104 71 159 166
-0.118538 -0.0855784 71 159 166
-0.352118 -0.128603 71 159 166
-0.210866 0.0610816 71 159 166
0.103846 -0.0188482 71 159 166
-0.125829 0.0795042 71 159 166
-0.315443 -0.117792 71 159 166
-0.0934702 -0.0118478 71 159 166
-0.228733 0.168878 71 159 166
-0.0914872 0.0287631 71 159 166
-0.152949 0.00973462 71 159 166
0.0173961 -0.0698698 71 159 166
0.211617 0.031317 71 159 166
-0.289164 0.0764196 71 159 166
0.181993 0.117822 71 159 166
-0.094662 -0.158192 71 159 166
-0.0402704 -0.0872057 71 159 166
-0.214832 0.0425137 71 159 166
0.0931899 0.194091 71 159 166
0.102554 -0.0570956 71 159 166
-0.186049 0.00080122 71 159 166
0.00344518 0.0192339 71 159 166
0.0921181 -0.0465899 71 159 166
-0.208643 -0.00396595 71 159 166
-0.0972759 -0.130966 71 159 166
-0.0131197 0.147216 71 159 166
-0.130636 -0.0875763 71 159 166
-0.139439 0.0793039 71 159 166
-0.0157937 0.0600801 71 159 166
-0.288182 0.111507 71 159 166
-0.223265 -0.0650726 71 159 166
-0.0281022 -0.143625 71 159 166
0.0745518 -0.113155 71 159 166
0.105649 0.0234552 71 159 166
-0.127341 -0.0494792 71 159 166
-0.0815524 -0.0934403 71 159 166
-0.236184 0.0295293 71 159 166
-0.0138609 -0.0523085 71 159 166
-0.289534 -0.101873 71 159 166
0.00601901 -0.0542213 71 159 166
-0.107471 0.00133198 71 159 166
0.143956 -0.00456184 71 159 166
-0.000350472 0.176635 71 159 166
-0.309384 -0.201087 71 159 166
-0.114442 -0.0243065 71 159 166
-0.219419 0.106415 71 159 166
0.125027 0.0677316 71 159 166
-0.0565249 0.118353 71 159 166
-0.0711867 0.0498598 71 159 166
-0.161362 0.00453679 71 159 166
0.0649775 -0.14663 71 159 166
-0.424757 -0.00383073 71 159 166
-0.296725 0.1435 71 159 166
-0.0803204 -0.149429 71 159 166
-0.0864497 -0.0247822 71 159 166
-0.329334 0.0790286 71 159 166
-0.17348 -0.0592039 71 159 166
-0.369093 0.0431046 71 159 166
0.0617927 0.150506 71 159 166
0.131507 -0.0589233 71 159 166
-0.218147 -0.128693 71 159 166
0.0697847 -0.0125739 71 159 166
-0.0105558 0.0751627 71 159 166
0.0223435 0.0618578 71 159 166
0.185649 0.0258838 71 159 166
-0.107001 -0.0694041 71 159 166
-0.266229 0.0653981 71 159 166
-0.238358 -0.127767 71 159 166
0.182514 -0.0794241 71 159 166
-0.117907 0.195188 71 159 166
-0.0138308 -0.0215323 71 159 166
0.123916 -0.123966 71 159 166
0.131037 -0.252193 71 159 166
-0.0202704 -0.0708062 71 159 166
-0.0107662 0.0485779 71 159 166
0.315259 -0.0171838 71 159 166
-0.0845365 -0.0242428 0 0 0
-0.718428 0.426114 186 148 240
-0.796795 0.476855 186 148 240
-0.761562 0.413325 186 148 240
-0.652318 0.505013 186 148 240
-0.714071 0.362839 186 148 240
-0.712839 0.436169 186 148 240
-0.987972 0.424201 186 148 240
-0.784817 0.502879 186 148 240
-0.804817 0.37342 186 148 240
-0.709214 0.406705 186 148 240
-0.729715 0.513085 186 148 240
-0.695183 0.554712 186 148 240
-0.767681 0.514016 186 148 240
-0.785008 0.49315 186 148 240
-0.844587 0.427291 186 148 240
-0.698298 0.635173 186 148 240
-0.75983 0.541352 186 148 240
-0.758197 0.494377 186 148 240
-0.649254 0.531122 186 148 240
-0.649484 0.602449 186 148 240
-0.761182 0.547496 186 148 240
-0.702324 0.414637 186 148 240
-0.879559 0.492474 186 148 240
-0.668723 0.422954 186 148 240
-0.672799 0.487506 186 148 240
-0.789795 0.484647 186 148 240
-0.80641 0.489104 186 148 240
-1.11587 0.470205 186 148 240
-0.682624 0.583721 186 148 240
-0.73981 0.499514 186 148 240
-0.755814 0.475979 186 148 240
-0.73298 0.568683 186 148 240
-0.805939 0.619579 186 148 240
-0.728673 0.447396 186 148 240
-1.06307 0.557421 186 148 240
-0.764927 0.551292 186 148 240
-0.835393 0.65332 186 148 240
-0.867752 0.557031 186 148 240
-0.737306 0.518102 186 148 240
-0.901482 0.539079 186 148 240
-0.661703 0.671898 186 148 240
-0.677927 0.264557 186 148 240
-0.698588 0.56007 186 148 240
-0.704947 0.474286 186 148 240
-0.828483 0.447411 186 148 240
-0.878638 0.449815 186 148 240
-0.845909 0.592123 186 148 240
-0.748372 0.387481 186 148 240
-0.765198 0.569364 186 148 240
-0.729384 0.421197 186 148 240
-0.85998 0.545318 186 148 240
-0.97361 0.58645 186 148 240
-0.758979 0.610631 186 148 240
-0.876345 0.421162 186 148 240
-0.909474 0.248618 186 148 240
-0.731938 0.510876 186 148 240
-0.656355 0.47366 186 148 240
-0.845108 0.360531 186 148 240
-0.676455 0.441873 186 148 240
-0.891547 0.535984 186 148 240
-0.686089 0.38688 186 148 240
-0.945208 0.480906 186 148 240
-0.725468 0.494106 186 148 240
-0.889484 0.275739 186 148 240
-0.690996 0.444246 186 148 240
-0.664517 0.581007 186 148 240
-0.784777 0.452414 186 148 240
-0.723055 0.588433 186 148 240
-0.851477 0.553145 186 148 240
-0.748263 0.379074 186 148 240
-0.87306 0.378317 186 148 240
-0.661953 0.589775 186 148 240
-0.707832 0.464732 186 148 240
-0.781753 0.425413 186 148 240
-0.696695 0.405528 186 148 240
-0.689434 0.518523 186 148 240
-0.666189 0.623215 186 148 240
-0.661903 0.497451 186 148 240
-0.7933 0.371948 186 148 240
-0.836194 0.389389 186 148 240
-0.91312 0.533831 186 148 240
-0.704136 0.3136 186 148 240
-0.938428 0.273686 186 148 240
-0.776194 0.520521 186 148 240
-0.863786 0.474206 186 148 240
-0.730616 0.407261 186 148 240
-0.784737 0.480676 186 148 240
-0.655473 0.465483 186 148 240
-0.698818 0.325263 186 148 240
-0.719209 0.485193 186 148 240
-0.915093 0.602243 186 148 240
-0.65351 0.584467 186 148 240
-0.718658 0.408999 186 148 240
-0.739259 0.451377 186 148 240
-0.704527 0.497536 186 148 240
-0.689695 0.47644 186 148 240
-0.837737 0.448097 186 148 240
-0.663335 0.321988 186 148 240
-0.697466 0.410771 186 148 240
-0.672238 0.555428 186 148 240
-0.831678 0.357321 186 148 240
-0.651157 0.485659 186 148 240
-0.695794 0.604171 186 148 240
-0.83996 0.353275 186 148 240
-0.714942 0.531963 186 148 240
-0.798959 0.381352 186 148 240
-0.702594 0.479965 186 148 240
-0.684276 0.464442 186 148 240
-0.737276 0.591728 186 148 240
-0.936234 0.32325 186 148 240
-0.65349 0.588177 186 148 240
-0.803896 0.363335 186 148 240
-0.66016 0.444732 186 148 240
-1.027 0.685809 186 148 240
-0.703686 0.633345 186 148 240
-0.655183 0.461688 186 148 240
-0.7133 0.505223 186 148 240
-1.05111 0.390766 186 148 240
-0.649404 0.601893 186 148 240
-0.717266 0.57326 186 148 240
-0.869965 0.420045 186 148 240
-0.644647 0.526164 186 148 240
-0.754902 0.320195 186 148 240
-0.767161 0.412043 186 148 240
-0.661773 0.564822 186 148 240
-0.705038 0.37676 186 148 240
-0.730035 0.567006 186 148 240
-0.776595 0.435714 186 148 240
-0.665879 0.440451 186 148 240
-0.742323 0.44341 186 148 240
-1.19333 0.303806 186 148 240
-0.824928 0.535233 186 148 240
-0.881182 0.31978 186 148 240
-0.717757 0.554772 186 148 240
-0.768866 0.477362 0 0 0
-0.630816 0.431157 78 156 154
-0.596054 0.569675 78 156 154
-0.587421 0.567727 78 156 154
-0.582273 0.332899 78 156 154
-0.412749 0.364657 78 156 154
-0.613761 0.419199 78 156 154
-0.557717 0.333035 78 156 154
-0.549124 0.469529 78 156 154
-0.550145 0.430601 78 156 154
-0.630806 0.232123 78 156 154
-0.447561 0.497762 78 156 154
-0.515303 0.478498 78 156 154
-0.604407 0.308823 78 156 154
-0.555343 0.420821 78 156 154
-0.503325 0.318092 78 156 154
-0.355263 0.49302 78 156 154
-0.521282 0.529184 78 156 154
-0.604737 0.537111 78 156 154
-0.555503 0.640881 78 156 154
-0.516545 0.455253 78 156 154
-0.495413 0.504392 78 156 154
-0.541462 0.610741 78 156 154
-0.547451 0.356765 78 156 154
-0.597667 0.4566 78 156 154
-0.537717 0.44977 78 156 154
-0.552819 0.466294 78 156 154
-0.567571 0.655238 78 156 154
-0.576775 0.509429 78 156 154
-0.451958 0.738002 78 156 154
-0.452379 0.443035 78 156 154
-0.604347 0.45314 78 156 154
-0.602333 0.658247 78 156 154
-0.538257 0.395188 78 156 154
-0.529294 0.511713 78 156 154
-0.348393 0.49306 78 156 154
-0.523195 0.379875 78 156 154
-0.389444 0.555033 78 156 154
-0.464547 0.54334 78 156 154
-0.50012 0.545794 78 156 154
-0.506339 0.459259 78 156 154
-0.610826 0.377481 78 156 154
-0.444988 0.442143 78 156 154
-0.46683 0.557241 78 156 154
-0.386991 0.375578 78 156 154
-0.640651 0.391773 78 156 154
-0.51352 0.505473 78 156 154
-0.602844 0.302579 78 156 154
-0.464517 0.588072 78 156 154
-0.612048 0.380871 78 156 154
-0.562333 0.405408 78 156 154
-0.62015 0.342389 78 156 154
-0.468152 0.46359 78 156 154
-0.441242 0.470896 78 156 154
-0.491537 0.620811 78 156 154
-0.349775 0.441888 78 156 154
-0.342564 0.408828 78 156 154
-0.328002 0.581648 78 156 154
-0.526981 0.711688 78 156 154
-0.625859 0.377977 78 156 154
-0.561452 0.601442 78 156 154
-0.607171 0.555568 78 156 154
-0.468513 0.319875 78 156 154
-0.552388 0.370205 78 156 154
-0.407551 0.48342 78 156 154
-0.618848 0.399634 78 156 154
-0.590426 0.527802 78 156 154
-0.637827 0.472233 78 156 154
-0.590896 0.499564 78 156 154
-0.509594 0.414126 78 156 154
-0.536695 0.394251 78 156 154
-0.548863 0.609905 78 156 154
-0.643766 0.385463 78 156 154
-0.420841 0.461577 78 156 154
-0.452689 0.310356 78 156 154
-0.569214 0.395113 78 156 154
-0.494532 0.439384 78 156 154
-0.384306 0.549184 78 156 154
-0.512539 0.51646 78 156 154
-0.466991 0.346214 78 156 154
-0.452379 0.486435 78 156 154
-0.431547 0.59667 78 156 154
-0.581542 0.470651 78 156 154
-0.444907 0.64659 78 156 154
-0.448162 0.368728 78 156 154
-0.480661 0.37651 78 156 154
-0.504978 0.441698 78 156 154
-0.340631 0.455088 78 156 154
-0.630025 0.561572 78 156 154
-0.47318 0.464807 78 156 154
-0.584126 0.445378 78 156 154
-0.62008 0.338428 78 156 154
-0.564206 0.589023 78 156 154
-0.542714 0.457586 78 156 154
-0.408633 0.544882 78 156 154
-0.564727 0.594306 78 156 154
-0.505658 0.358508 78 156 154
-0.547221 0.410646 78 156 154
-0.630886 0.433175 78 156 154
-0.479699 0.734051 78 156 154
-0.608172 0.398693 78 156 154
-0.621102 0.466129 78 156 154
-0.522323 0.403545 78 156 154
-0.364707 0.435859 78 156 154
-0.541973 0.610831 78 156 154
-0.209585 0.355178 78 156 154
-0.519509 0.527201 78 156 154
-0.623485 0.641898 78 156 154
-0.505068 0.454872 78 156 154
-0.350526 0.585578 78 156 154
-0.555784 0.427226 78 156 154
-0.629925 0.497281 78 156 154
-0.445328 0.338798 78 156 154
-0.229284 0.609604 78 156 154
-0.461642 0.46321 78 156 154
-0.562494 0.470951 78 156 154
-0.580821 0.404472 78 156 154
-0.516036 0.471372 0 0 0
0.307771 0.451437 160 248 177
0.610307 0.432352 160 248 177
0.551742 0.566295 160 248 177
0.449819 0.575731 160 248 177
0.49296 0.499645 160 248 177
0.50029 0.632746 160 248 177
0.517661 0.412017 160 248 177
0.498165 0.671766 160 248 177
0.391154 0.364314 160 248 177
0.495191 0.449981 160 248 177
0.638811 0.557662 160 248 177
0.535521 0.54773 160 248 177
0.331778 0.240714 160 248 177
0.588064 0.433789 160 248 177
0.756445 0.583574 160 248 177
0.756512 0.537263 160 248 177
0.43472 0.395955 160 248 177
0.311796 0.284985 160 248 177
0.531867 0.431477 160 248 177
0.338445 0.325585 160 248 177
0.713987 0.7605 160 248 177
0.653421 0.570898 160 248 177
0.498696 0.441944 160 248 177
0.543941 0.395481 160 248 177
0.39945 0.279663 160 248 177
0.712075 0.595425 160 248 177
0.355356 0.385382 160 248 177
0.670286 0.437808 160 248 177
0.63896 0.51957 160 248 177
0.943501 0.708311 160 248 177
0.348214 0.399592 160 248 177
0.26158 0.227234 160 248 177
0.531265 0.3271 160 248 177
0.752865 0.726946 160 248 177
0.631942 0.408635 160 248 177
0.534523 0.493633 160 248 177
0.749803 0.596774 160 248 177
0.446912 0.410632 160 248 177
0.537122 0.574329 160 248 177
0.688535 0.547256 160 248 177
0.50307 0.549802 160 248 177
0.633727 0.672499 160 248 177
0.385056 0.363061 160 248 177
0.53556 0.504889 160 248 177
0.611062 0.490701 160 248 177
0.532837 0.593032 160 248 177
0.683249 0.562867 160 248 177
0.504341 0.456794 160 248 177
0.865054 0.736294 160 248 177
0.818697 0.81687 160 248 177
0.435609 0.597985 160 248 177
0.330581 0.311538 160 248 177
0.485634 0.488927 160 248 177
0.583007 0.523642 160 248 177
0.71227 0.524385 160 248 177
0.448693 0.563912 160 248 177
0.585408 0.724061 160 248 177
0.713378 0.462488 160 248 177
0.854035 0.757171 160 248 177
0.637097 0.582165 160 248 177
0.824914 0.785583 160 248 177
0.681531 0.477381 160 248 177
0.729659 0.674676 160 248 177
0.5314 0.65067 160 248 177
0.387606 0.509411 160 248 177
0.777031 0.550141 160 248 177
0.252661 0.27091 160 248 177
0.598651 0.697929 160 248 177
0.801998 0.79452 160 248 177
0.704186 0.37238 160 248 177
0.474509 0.217876 160 248 177
0.464747 0.457934 160 248 177
0.447414 0.478397 160 248 177
0.649848 0.523581 160 248 177
0.618172 0.453976 160 248 177
0.576694 0.455668 160 248 177
0.441951 0.260079 160 248 177
0.407704 0.494086 160 248 177
0.686758 0.660102 160 248 177
0.454808 0.567244 160 248 177
0.460239 0.293657 160 248 177
0.542284 0.525529 160 248 177
0.318846 0.557676 160 248 177
0.51497 0.555647 160 248 177
0.484965 0.498732 160 248 177
0.661706 0.562895 160 248 177
0.727492 0.771781 160 248 177
0.341493 0.449567 160 248 177
0.645376 0.812001 160 248 177
0.644923 0.421205 160 248 177
0.633188 0.509861 160 248 177
0.418029 0.478152 160 248 177
0.528652 0.803138 160 248 177
0.712889 0.632144 160 248 177
0.467877 0.46901 160 248 177
0.588836 0.616037 160 248 177
0.698081 0.632193 160 248 177
0.455271 0.449663 160 248 177
0.623823 0.438608 160 248 177
0.486626 0.69482 160 248 177
0.569552 0.445701 160 248 177
0.445325 0.557478 160 248 177
0.546349 0.631315 160 248 177
0.317377 0.475072 160 248 177
0.488141 0.396115 160 248 177
0.681687 0.47857 160 248 177
0.732729 0.572704 160 248 177
0.65812 0.69129 160 248 177
0.544943 0.474969 160 248 177
0.608406 0.476261 160 248 177
0.412112 0.453873 160 248 177
0.627187 0.553211 160 248 177
0.467303 0.323233 160 248 177
0.642596 0.565916 160 248 177
0.523064 0.524948 160 248 177
0.705018 0.698567 160 248 177
0.474853 0.724652 160 248 177
0.523422 0.239043 160 248 177
0.536265 0.50189 160 248 177
0.369601 0.520094 160 248 177
0.640514 0.736301 160 248 177
0.476343 0.643719 160 248 177
0.514407 0.58492 160 248 177
0.482692 0.489108 160 248 177
0.749629 0.542263 160 248 177
0.30236 0.296943 160 248 177
0.288714 0.491654 160 248 177
0.648867 0.437543 160 248 177
0.556395 0.521347 160 248 177
0.311244 0.423007 160 248 177
0.519194 0.435468 160 248 177
0.308532 0.369491 160 248 177
0.53727 0.750118 160 248 177
0.734655 0.651325 160 248 177
0.536746 0.354747 160 248 177
0.658236 0.640454 160 248 177
0.539388 0.645684 160 248 177
0.572059 0.659539 160 248 177
0.712971 0.749576 160 248 177
0.573415 0.475263 160 248 177
0.365504 0.457991 160 248 177
0.5218 0.341111 160 248 177
0.785218 0.672895 160 248 177
0.378609 0.654646 160 248 177
0.605446 0.574995 160 248 177
0.775279 0.599964 160 248 177
0.870984 0.514329 160 248 177
0.635734 0.535599 160 248 177
0.558037 0.626737 160 248 177
0.694587 0.848748 160 248 177
0.558043 0.526936 0 0 0
-0.148563 1.29223 163 178 230
-0.167648 0.989693 163 178 230
-0.0337054 1.04826 163 178 230
-0.0242689 1.15018 163 178 230
-0.100355 1.10704 163 178 230
0.0327456 1.09971 163 178 230
-0.187984 1.08234 163 178 230
0.0717657 1.10183 163 178 230
-0.235686 1.20885 163 178 230
-0.150019 1.10481 163 178 230
-0.0423378 0.961189 163 178 230
-0.05227 1.06448 163 178 230
-0.359286 1.26822 163 178 230
-0.166211 1.01194 163 178 230
-0.0164259 0.843555 163 178 230
-0.0627366 0.843488 163 178 230
-0.204045 1.16528 163 178 230
-0.315015 1.2882 163 178 230
-0.168523 1.06813 163 178 230
-0.274415 1.26155 163 178 230
0.1605 0.886013 163 178 230
-0.0291022 0.946579 163 178 230
-0.158056 1.1013 163 178 230
-0.204519 1.05606 163 178 230
-0.320337 1.20055 163 178 230
-0.00457475 0.887925 163 178 230
-0.214618 1.24464 163 178 230
-0.162192 0.929714 163 178 230
-0.0804302 0.96104 163 178 230
0.108311 0.656499 163 178 230
-0.200408 1.25179 163 178 230
-0.372766 1.33842 163 178 230
-0.2729 1.06873 163 178 230
0.126946 0.847135 163 178 230
-0.191365 0.968058 163 178 230
-0.106367 1.06548 163 178 230
-0.00322562 0.850197 163 178 230
-0.189368 1.15309 163 178 230
-0.0256711 1.06288 163 178 230
-0.0527444 0.911465 163 178 230
-0.0501985 1.09693 163 178 230
-0.617184 1.28474 163 178 230
0.0724989 0.966274 163 178 230
-0.236939 1.21494 163 178 230
-0.0951107 1.06444 163 178 230
-0.109299 0.988938 163 178 230
-0.00696846 1.06716 163 178 230
-0.0371329 0.916751 163 178 230
-0.143206 1.09566 163 178 230
0.136294 0.734946 163 178 230
0.21687 0.781303 163 178 230
-0.0020148 1.16439 163 178 230
-0.288462 1.26942 163 178 230
-0.111073 1.11437 163 178 230
-0.0763583 1.01699 163 178 230
-0.0756148 0.88773 163 178 230
-0.0360883 1.15131 163 178 230
0.124061 1.01459 163 178 230
-0.137512 0.886622 163 178 230
0.157171 0.745965 163 178 230
-0.0178352 0.962903 163 178 230
0.185583 0.775086 163 178 230
-0.122619 0.918469 163 178 230
0.0746763 0.870341 163 178 230
0.0506695 1.0686 163 178 230
-0.0905891 1.21239 163 178 230
-0.0498587 0.822969 163 178 230
-0.32909 1.34734 163 178 230
0.0979291 1.00135 163 178 230
0.19452 0.798002 163 178 230
-0.22762 0.895814 163 178 230
-0.382124 1.12549 163 178 230
-0.142066 1.13525 163 178 230
-0.121603 1.15259 163 178 230
-0.0764186 0.950152 163 178 230
-0.146024 0.981828 163 178 230
-0.144332 1.02331 163 178 230
-0.339921 1.15805 163 178 230
-0.105914 1.1923 163 178 230
0.0601023 0.913242 163 178 230
-0.0327563 1.14519 163 178 230
-0.306343 1.13976 163 178 230
-0.0744711 1.05772 163 178 230
-0.0423238 1.28115 163 178 230
-0.0443527 1.08503 163 178 230
-0.101268 1.11503 163 178 230
-0.0371045 0.938294 163 178 230
0.171781 0.872508 163 178 230
-0.150433 1.25851 163 178 230
0.212001 0.954624 163 178 230
-0.178795 0.955077 163 178 230
-0.0901392 0.966812 163 178 230
-0.121848 1.18197 163 178 230
0.203138 1.07135 163 178 230
0.0321439 0.887111 163 178 230
-0.13099 1.13212 163 178 230
0.0160365 1.01116 163 178 230
0.0321934 0.901919 163 178 230
-0.150337 1.14473 163 178 230
-0.161392 0.976177 163 178 230
0.0948203 1.11337 163 178 230
-0.154299 1.03045 163 178 230
-0.0425221 1.15467 163 178 230
0.0313152 1.05365 163 178 230
-0.124928 1.28262 163 178 230
-0.203885 1.11186 163 178 230
-0.12143 0.918313 163 178 230
-0.0272964 0.867271 163 178 230
0.0912902 0.94188 163 178 230
-0.125031 1.05506 163 178 230
-0.123739 0.991594 163 178 230
-0.146127 1.18789 163 178 230
-0.0467888 0.972813 163 178 230
-0.276767 1.1327 163 178 230
-0.0340842 0.957404 163 178 230
-0.0750519 1.07694 163 178 230
0.0985666 0.894982 163 178 230
0.124652 1.12515 163 178 230
-0.360957 1.07658 163 178 230
-0.0981098 1.06374 163 178 230
-0.0799064 1.2304 163 178 230
0.136301 0.959486 163 178 230
0.0437187 1.12366 163 178 230
-0.0150805 1.08559 163 178 230
-0.110892 1.11731 163 178 230
-0.057737 0.850371 163 178 230
-0.303057 1.29764 163 178 230
-0.108346 1.31129 163 178 230
-0.162457 0.951133 163 178 230
-0.0786528 1.04361 163 178 230
-0.176993 1.28876 163 178 230
-0.164533 1.08081 163 178 230
-0.230509 1.29147 163 178 230
0.150118 1.06273 163 178 230
0.0513246 0.865345 163 178 230
-0.245253 1.06325 163 178 230
0.0404542 0.941764 163 178 230
0.045684 1.06061 163 178 230
0.0595393 1.02794 163 178 230
0.149576 0.887029 163 178 230
-0.124737 1.02658 163 178 230
-0.142009 1.2345 163 178 230
-0.258889 1.0782 163 178 230
0.0728954 0.814782 163 178 230
0.054646 1.22139 163 178 230
-0.0250055 0.994554 163 178 230
-3.54946e-05 0.824721 163 178 230
-0.0856706 0.729016 163 178 230
-0.0644008 0.964266 163 178 230
0.0267369 1.04196 163 178 230
-0.0788365 1.04449 0 0 0
0.379053 1.1953 178 49 214
0.618604 1.38107 178 49 214
0.486093 1.4428 178 49 214
0.403401 1.38248 178 49 214
0.486079 1.35394 178 49 214
0.403553 1.45862 178 49 214
0.562559 1.30454 178 49 214
0.376154 1.48648 178 49 214
0.499215 1.1851 178 49 214
0.520597 1.31816 178 49 214
0.557111 1.49391 178 49 214
0.486203 1.41815 178 49 214
0.536419 1.05312 178 49 214
0.600968 1.36743 178 49 214
0.628211 1.59114 178 49 214
0.658888 1.55645 178 49 214
0.510969 1.23764 178 49 214
0.492154 1.07311 178 49 214
0.560345 1.32853 178 49 214
0.485292 1.12119 178 49 214
0.479356 1.69577 178 49 214
0.559317 1.5135 178 49 214
0.528542 1.31445 178 49 214
0.593208 1.30952 178 49 214
0.561421 1.12709 178 49 214
0.587091 1.57069 178 49 214
0.45843 1.17723 178 49 214
0.659984 1.42482 178 49 214
0.582415 1.46544 178 49 214
0.686026 1.80841 178 49 214
0.443676 1.18316 178 49 214
0.49268 0.996583 178 49 214
0.628922 1.24984 178 49 214
0.530708 1.69632 178 49 214
0.650516 1.37758 178 49 214
0.521231 1.37691 178 49 214
0.614498 1.59665 178 49 214
0.510407 1.25671 178 49 214
0.469813 1.43916 178 49 214
0.601291 1.51899 178 49 214
0.460492 1.39824 178 49 214
0.477352 1.57669 178 49 214
0.495471 1.18012 178 49 214
0.514565 1.38604 178 49 214
0.580581 1.42533 178 49 214
0.454231 1.45036 178 49 214
0.587001 1.5272 178 49 214
0.522955 1.32932 178 49 214
0.608677 1.77752 178 49 214
0.520617 1.8073 178 49 214
0.378025 1.38977 178 49 214
0.488683 1.10545 178 49 214
0.487672 1.34105 178 49 214
0.537753 1.43149 178 49 214
0.634219 1.51753 178 49 214
0.410373 1.37287 178 49 214
0.407009 1.58341 178 49 214
0.675986 1.47183 178 49 214
0.586605 1.78589 178 49 214
0.539621 1.51116 178 49 214
0.545972 1.78795 178 49 214
0.642248 1.46194 178 49 214
0.547869 1.64176 178 49 214
0.415034 1.49264 178 49 214
0.400596 1.29159 178 49 214
0.665763 1.57968 178 49 214
0.457105 1.02345 178 49 214
0.434224 1.57256 178 49 214
0.522873 1.7795 178 49 214
0.728682 1.39817 178 49 214
0.658584 1.13038 178 49 214
0.492502 1.30399 178 49 214
0.465968 1.30788 178 49 214
0.587929 1.47565 178 49 214
0.610202 1.40249 178 49 214
0.577971 1.37633 178 49 214
0.606252 1.14051 178 49 214
0.425806 1.29338 178 49 214
0.525328 1.60246 178 49 214
0.412756 1.37941 178 49 214
0.597764 1.17779 178 49 214
0.505959 1.40597 178 49 214
0.3171 1.28232 178 49 214
0.465552 1.4105 178 49 214
0.480686 1.34796 178 49 214
0.570824 1.51298 178 49 214
0.482025 1.71317 178 49 214
0.405585 1.2162 178 49 214
0.393831 1.68903 178 49 214
0.65194 1.3956 178 49 214
0.584507 1.45434 178 49 214
0.444088 1.28826 178 49 214
0.31214 1.60519 178 49 214
0.563419 1.59877 178 49 214
0.487525 1.31437 178 49 214
0.48102 1.50465 178 49 214
0.552279 1.58901 178 49 214
0.490865 1.29152 178 49 214
0.624604 1.3947 178 49 214
0.352251 1.49614 178 49 214
0.579206 1.36413 178 49 214
0.412102 1.36581 178 49 214
0.439047 1.48801 178 49 214
0.370628 1.21938 178 49 214
0.550933 1.27309 178 49 214
0.641579 1.46294 178 49 214
0.61761 1.5673 178 49 214
0.483221 1.60691 178 49 214
0.54139 1.3698 178 49 214
0.588138 1.41274 178 49 214
0.455707 1.26613 178 49 214
0.551336 1.48288 178 49 214
0.583502 1.20464 178 49 214
0.554492 1.5026 178 49 214
0.491926 1.39282 178 49 214
0.513587 1.64339 178 49 214
0.323691 1.51073 178 49 214
0.681275 1.17861 178 49 214
0.517077 1.38426 178 49 214
0.380025 1.28769 178 49 214
0.440248 1.62903 178 49 214
0.378334 1.45101 178 49 214
0.445771 1.43208 178 49 214
0.485346 1.33924 178 49 214
0.650419 1.55565 178 49 214
0.477167 1.07584 178 49 214
0.338162 1.21287 178 49 214
0.644094 1.41046 178 49 214
0.519308 1.41217 178 49 214
0.40046 1.17627 178 49 214
0.5482 1.32315 178 49 214
0.433818 1.13434 178 49 214
0.353669 1.57112 178 49 214
0.56706 1.62755 178 49 214
0.614749 1.27421 178 49 214
0.516928 1.56886 178 49 214
0.424323 1.49418 178 49 214
0.439666 1.52618 178 49 214
0.485818 1.68691 178 49 214
0.562553 1.38885 178 49 214
0.418024 1.2384 178 49 214
0.612557 1.25409 178 49 214
0.590721 1.67717 178 49 214
0.297798 1.39457 178 49 214
0.520622 1.48485 178 49 214
0.631498 1.61589 178 49 214
0.759919 1.61495 178 49 214
0.569395 1.47533 178 49 214
0.450842 1.4923 178 49 214
0.51759 1.41522 0 0 0
