-0.311688 0.101587 198 35 164
-0.111257 -0.125834 198 35 164
-0.057957 0.0102904 198 35 164
-0.123355 0.0890336 198 35 164
-0.14665 0.0047271 198 35 164
-0.0473511 0.0936605 198 35 164
-0.191147 -0.0747021 198 35 164
-0.021262 0.122754 198 35 164
-0.314331 -0.0189784 198 35 164
-0.18019 -0.031968 198 35 164
-0.00249373 -0.0573811 198 35 164
-0.0825538 0.00863295 198 35 164
-0.443715 -0.0643916 198 35 164
-0.125969 -0.109089 198 35 164
0.0990086 -0.122238 198 35 164
0.0663095 -0.155032 198 35 164
-0.261152 -0.0274112 198 35 164
-0.42654 -0.0189584 198 35 164
-0.167341 -0.0709865 198 35 164
-0.378988 -0.00909356 198 35 164
0.194091 0.0328893 198 35 164
0.0171958 -0.0583525 198 35 164
-0.183395 -0.0401302 198 35 164
-0.184256 -0.104978 198 35 164
-0.368323 -0.0847021 198 35 164
0.0760141 -0.0824838 198 35 164
-0.324747 0.0212319 198 35 164
-0.0649875 -0.164387 198 35 164
-0.029324 -0.0844216 198 35 164
0.319479 -0.166304 198 35 164
-0.31975 0.0363295 198 35 164
-0.502884 -0.0242864 198 35 164
-0.241572 -0.144367 198 35 164
0.197857 -0.0183275 198 35 164
-0.112729 -0.157902 198 35 164
-0.121512 -0.0289133 198 35 164
0.103646 -0.108207 198 35 164
-0.242153 -0.0256535 198 35 164
-0.0626138 0.0263094 198 35 164
0.025308 -0.0998999 198 35 164
-0.104036 0.0330445 198 35 164
0.0751127 0.0274162 198 35 164
-0.319529 -0.0155533 198 35 164
-0.112819 -0.0216875 198 35 164
-0.0694642 -0.0851078 198 35 164
-0.0524187 0.0425638 198 35 164
0.0326089 -0.0851228 198 35 164
-0.168903 -0.0336204 198 35 164
0.283796 -0.0910465 198 35 164
0.307992 -0.00129194 198 35 164
-0.117667 0.114817 198 35 164
-0.394482 -0.0134652 198 35 164
-0.159409 0.00232851 198 35 164
-0.066009 -0.0419779 198 35 164
0.0259189 -0.132854 198 35 164
-0.132509 0.0814722 198 35 164
0.0774062 0.098042 198 35 164
-0.0170657 -0.177406 198 35 164
0.290766 -0.0684927 198 35 164
0.0136204 -0.0388432 198 35 164
0.290265 -0.0278117 198 35 164
-0.0290536 -0.144356 198 35 164
0.144487 -0.0388783 198 35 164
-0.012679 0.0843365 198 35 164
-0.214241 0.0861292 198 35 164
0.0899247 -0.160436 198 35 164
-0.478307 0.0129044 198 35 164
0.0682924 0.0702003 198 35 164
0.280381 -0.00528794 198 35 164
-0.0872811 -0.234622 198 35 164
-0.358938 -0.181467 198 35 164
-0.196094 -0.00481725 198 35 164
-0.193881 0.0219079 198 35 164
-0.0187882 -0.0892839 198 35 164
-0.0904056 -0.116104 198 35 164
-0.118538 -0.0855784 198 35 164
-0.352118 -0.128603 198 35 164
-0.210866 0.0610816 198 35 164
0.103846 -0.0188482 198 35 164
-0.125829 0.0795042 198 35 164
-0.315443 -0.117792 198 35 164
-0.0934702 -0.0118478 198 35 164
-0.228733 0.168878 198 35 164
-0.0914872 0.0287631 198 35 164
-0.152949 0.00973462 198 35 164
0.0173961 -0.0698698 198 35 164
0.211617 0.031317 198 35 164
-0.289164 0.0764196 198 35 164
0.181993 0.117822 198 35 164
-0.094662 -0.158192 198 35 164
-0.0402704 -0.0872057 198 35 164
-0.214832 0.0425137 198 35 164
0.0931899 0.194091 198 35 164
0.102554 -0.0570956 198 35 164
-0.186049 0.00080122 198 35 164
0.00344518 0.0192339 198 35 164
0.0921181 -0.0465899 198 35 164
-0.208643 -0.00396595 198 35 164
-0.0972759 -0.130966 198 35 164
-0.0131197 0.147216 198 35 164
-0.130636 -0.0875763 198 35 164
-0.139439 0.0793039 198 35 164
-0.0157937 0.0600801 198 35 164
-0.288182 0.111507 198 35 164
-0.223265 -0.0650726 198 35 164
-0.0281022 -0.143625 198 35 164
0.0745518 -0.113155 198 35 164
0.105649 0.0234552 198 35 164
-0.127341 -0.0494792 198 35 164
-0.0815524 -0.0934403 198 35 164
-0.236184 0.0295293 198 35 164
-0.0138609 -0.0523085 198 35 164
-0.289534 -0.101873 198 35 164
0.00601901 -0.0542213 198 35 164
-0.107471 0.00133198 198 35 164
0.143956 -0.00456184 198 35 164
-0.000350472 0.176635 198 35 164
-0.309384 -0.201087 198 35 164
-0.114442 -0.0243065 198 35 164
-0.219419 0.106415 198 35 164
0.125027 0.0677316 198 35 164
-0.0565249 0.118353 198 35 164
-0.0711867 0.0498598 198 35 164
-0.161362 0.00453679 198 35 164
0.0649775 -0.14663 198 35 164
-0.424757 -0.00383073 198 35 164
-0.296725 0.1435 198 35 164
-0.0803204 -0.149429 198 35 164
-0.0864497 -0.0247822 198 35 164
-0.329334 0.0790286 198 35 164
-0.17348 -0.0592039 198 35 164
-0.369093 0.0431046 198 35 164
0.0617927 0.150506 198 35 164
0.131507 -0.0589233 198 35 164
-0.218147 -0.128693 198 35 164
0.0697847 -0.0125739 198 35 164
-0.0105558 0.0751627 198 35 164
0.0223435 0.0618578 198 35 164
0.185649 0.0258838 198 35 164
-0.107001 -0.0694041 198 35 164
-0.266229 0.0653981 198 35 164
-0.238358 -0.127767 198 35 164
0.182514 -0.0794241 198 35 164
-0.117907 0.195188 198 35 164
-0.0138308 -0.0215323 198 35 164
0.123916 -0.123966 198 35 164
-0.0202704 -0.0708062 198 35 164
-0.0107662 0.0485779 198 35 164
0.315259 -0.0171838 198 35 164
0 0 0 0 0
-0.637757 -0.235073 69 87 227
0.131037 -0.252193 132 67 11
-0.630816 0.431157 54 63 97
-0.718428 0.426114 54 63 97
-0.596054 0.569675 54 63 97
-0.587421 0.567727 54 63 97
-0.796795 0.476855 54 63 97
-0.582273 0.332899 54 63 97
-0.761562 0.413325 54 63 97
-0.412749 0.364657 54 63 97
-0.652318 0.505013 54 63 97
-0.714071 0.362839 54 63 97
-0.613761 0.419199 54 63 97
-0.557717 0.333035 54 63 97
-0.712839 0.436169 54 63 97
-0.987972 0.424201 54 63 97
-0.549124 0.469529 54 63 97
-0.550145 0.430601 54 63 97
-0.630806 0.232123 54 63 97
-0.447561 0.497762 54 63 97
-0.515303 0.478498 54 63 97
-0.604407 0.308823 54 63 97
-0.784817 0.502879 54 63 97
-0.555343 0.420821 54 63 97
-0.804817 0.37342 54 63 97
-0.709214 0.406705 54 63 97
-0.503325 0.318092 54 63 97
-0.729715 0.513085 54 63 97
-0.695183 0.554712 54 63 97
-0.355263 0.49302 54 63 97
-0.521282 0.529184 54 63 97
-0.604737 0.537111 54 63 97
-0.555503 0.640881 54 63 97
-0.516545 0.455253 54 63 97
-0.767681 0.514016 54 63 97
-0.785008 0.49315 54 63 97
-0.495413 0.504392 54 63 97
-0.541462 0.610741 54 63 97
-0.844587 0.427291 54 63 97
-0.547451 0.356765 54 63 97
-0.698298 0.635173 54 63 97
-0.597667 0.4566 54 63 97
-0.75983 0.541352 54 63 97
-0.537717 0.44977 54 63 97
-0.552819 0.466294 54 63 97
-0.758197 0.494377 54 63 97
-0.649254 0.531122 54 63 97
-0.649484 0.602449 54 63 97
-0.761182 0.547496 54 63 97
-0.567571 0.655238 54 63 97
-0.702324 0.414637 54 63 97
-0.879559 0.492474 54 63 97
-0.668723 0.422954 54 63 97
-0.576775 0.509429 54 63 97
-0.672799 0.487506 54 63 97
-0.789795 0.484647 54 63 97
-0.80641 0.489104 54 63 97
-0.451958 0.738002 54 63 97
-0.452379 0.443035 54 63 97
-0.682624 0.583721 54 63 97
-0.73981 0.499514 54 63 97
-0.755814 0.475979 54 63 97
-0.73298 0.568683 54 63 97
-0.604347 0.45314 54 63 97
-0.805939 0.619579 54 63 97
-0.728673 0.447396 54 63 97
-0.764927 0.551292 54 63 97
-0.602333 0.658247 54 63 97
-0.538257 0.395188 54 63 97
-0.835393 0.65332 54 63 97
-0.529294 0.511713 54 63 97
-0.348393 0.49306 54 63 97
-0.867752 0.557031 54 63 97
-0.523195 0.379875 54 63 97
-0.389444 0.555033 54 63 97
-0.737306 0.518102 54 63 97
-0.901482 0.539079 54 63 97
-0.661703 0.671898 54 63 97
-0.464547 0.54334 54 63 97
-0.677927 0.264557 54 63 97
-0.50012 0.545794 54 63 97
-0.506339 0.459259 54 63 97
-0.698588 0.56007 54 63 97
-0.610826 0.377481 54 63 97
-0.444988 0.442143 54 63 97
-0.704947 0.474286 54 63 97
-0.46683 0.557241 54 63 97
-0.828483 0.447411 54 63 97
-0.386991 0.375578 54 63 97
-0.878638 0.449815 54 63 97
-0.845909 0.592123 54 63 97
-0.748372 0.387481 54 63 97
-0.765198 0.569364 54 63 97
-0.640651 0.391773 54 63 97
-0.729384 0.421197 54 63 97
-0.51352 0.505473 54 63 97
-0.85998 0.545318 54 63 97
-0.602844 0.302579 54 63 97
-0.97361 0.58645 54 63 97
-0.758979 0.610631 54 63 97
-0.464517 0.588072 54 63 97
-0.876345 0.421162 54 63 97
-0.612048 0.380871 54 63 97
-0.562333 0.405408 54 63 97
-0.909474 0.248618 54 63 97
-0.62015 0.342389 54 63 97
-0.468152 0.46359 54 63 97
-0.441242 0.470896 54 63 97
-0.731938 0.510876 54 63 97
-0.491537 0.620811 54 63 97
-0.656355 0.47366 54 63 97
-0.349775 0.441888 54 63 97
-0.342564 0.408828 54 63 97
-0.845108 0.360531 54 63 97
-0.328002 0.581648 54 63 97
-0.676455 0.441873 54 63 97
-0.891547 0.535984 54 63 97
-0.526981 0.711688 54 63 97
-0.686089 0.38688 54 63 97
-0.945208 0.480906 54 63 97
-0.625859 0.377977 54 63 97
-0.561452 0.601442 54 63 97
-0.725468 0.494106 54 63 97
-0.607171 0.555568 54 63 97
-0.468513 0.319875 54 63 97
-0.552388 0.370205 54 63 97
-0.889484 0.275739 54 63 97
-0.690996 0.444246 54 63 97
-0.664517 0.581007 54 63 97
-0.784777 0.452414 54 63 97
-0.407551 0.48342 54 63 97
-0.723055 0.588433 54 63 97
-0.618848 0.399634 54 63 97
-0.851477 0.553145 54 63 97
-0.748263 0.379074 54 63 97
-0.87306 0.378317 54 63 97
-0.590426 0.527802 54 63 97
-0.637827 0.472233 54 63 97
-0.661953 0.589775 54 63 97
-0.590896 0.499564 54 63 97
-0.509594 0.414126 54 63 97
-0.536695 0.394251 54 63 97
-0.707832 0.464732 54 63 97
-0.781753 0.425413 54 63 97
-0.696695 0.405528 54 63 97
-0.548863 0.609905 54 63 97
-0.689434 0.518523 54 63 97
-0.643766 0.385463 54 63 97
-0.420841 0.461577 54 63 97
-0.452689 0.310356 54 63 97
-0.666189 0.623215 54 63 97
-0.661903 0.497451 54 63 97
-0.7933 0.371948 54 63 97
-0.836194 0.389389 54 63 97
-0.569214 0.395113 54 63 97
-0.91312 0.533831 54 63 97
-0.494532 0.439384 54 63 97
-0.704136 0.3136 54 63 97
-0.938428 0.273686 54 63 97
-0.776194 0.520521 54 63 97
-0.863786 0.474206 54 63 97
-0.730616 0.407261 54 63 97
-0.384306 0.549184 54 63 97
-0.784737 0.480676 54 63 97
-0.655473 0.465483 54 63 97
-0.698818 0.325263 54 63 97
-0.512539 0.51646 54 63 97
-0.466991 0.346214 54 63 97
-0.719209 0.485193 54 63 97
-0.452379 0.486435 54 63 97
-0.431547 0.59667 54 63 97
-0.915093 0.602243 54 63 97
-0.65351 0.584467 54 63 97
-0.581542 0.470651 54 63 97
-0.718658 0.408999 54 63 97
-0.444907 0.64659 54 63 97
-0.448162 0.368728 54 63 97
-0.480661 0.37651 54 63 97
-0.739259 0.451377 54 63 97
-0.704527 0.497536 54 63 97
-0.689695 0.47644 54 63 97
-0.837737 0.448097 54 63 97
-0.504978 0.441698 54 63 97
-0.663335 0.321988 54 63 97
-0.340631 0.455088 54 63 97
-0.630025 0.561572 54 63 97
-0.47318 0.464807 54 63 97
-0.697466 0.410771 54 63 97
-0.584126 0.445378 54 63 97
-0.62008 0.338428 54 63 97
-0.672238 0.555428 54 63 97
-0.564206 0.589023 54 63 97
-0.542714 0.457586 54 63 97
-0.831678 0.357321 54 63 97
-0.651157 0.485659 54 63 97
-0.695794 0.604171 54 63 97
-0.83996 0.353275 54 63 97
-0.714942 0.531963 54 63 97
-0.798959 0.381352 54 63 97
-0.408633 0.544882 54 63 97
-0.702594 0.479965 54 63 97
-0.684276 0.464442 54 63 97
-0.564727 0.594306 54 63 97
-0.737276 0.591728 54 63 97
-0.936234 0.32325 54 63 97
-0.65349 0.588177 54 63 97
-0.803896 0.363335 54 63 97
-0.505658 0.358508 54 63 97
-0.547221 0.410646 54 63 97
-0.66016 0.444732 54 63 97
-0.630886 0.433175 54 63 97
-0.479699 0.734051 54 63 97
-0.608172 0.398693 54 63 97
-0.621102 0.466129 54 63 97
-0.522323 0.403545 54 63 97
-0.703686 0.633345 54 63 97
-0.655183 0.461688 54 63 97
-0.7133 0.505223 54 63 97
-1.05111 0.390766 54 63 97
-0.649404 0.601893 54 63 97
-0.364707 0.435859 54 63 97
-0.541973 0.610831 54 63 97
-0.519509 0.527201 54 63 97
-0.717266 0.57326 54 63 97
-0.623485 0.641898 54 63 97
-0.869965 0.420045 54 63 97
-0.644647 0.526164 54 63 97
-0.754902 0.320195 54 63 97
-0.767161 0.412043 54 63 97
-0.505068 0.454872 54 63 97
-0.350526 0.585578 54 63 97
-0.661773 0.564822 54 63 97
-0.555784 0.427226 54 63 97
-0.629925 0.497281 54 63 97
-0.705038 0.37676 54 63 97
-0.445328 0.338798 54 63 97
-0.730035 0.567006 54 63 97
-0.776595 0.435714 54 63 97
-0.665879 0.440451 54 63 97
-0.742323 0.44341 54 63 97
-0.461642 0.46321 54 63 97
-0.824928 0.535233 54 63 97
-0.881182 0.31978 54 63 97
-0.717757 0.554772 54 63 97
-0.562494 0.470951 54 63 97
-0.580821 0.404472 54 63 97
0 0 0 0 0
-1.11587 0.470205 169 189 230
-1.06307 0.557421 152 52 126
-1.027 0.685809 135 93 81
-0.209585 0.355178 25 162 114
-1.19333 0.303806 105 212 191
-0.229284 0.609604 98 28 8
0.307771 0.451437 147 52 115
0.610307 0.432352 147 52 115
0.551742 0.566295 147 52 115
0.449819 0.575731 147 52 115
0.49296 0.499645 147 52 115
0.50029 0.632746 147 52 115
0.517661 0.412017 147 52 115
0.498165 0.671766 147 52 115
0.391154 0.364314 147 52 115
0.495191 0.449981 147 52 115
0.638811 0.557662 147 52 115
0.535521 0.54773 147 52 115
0.331778 0.240714 147 52 115
0.588064 0.433789 147 52 115
0.756445 0.583574 147 52 115
0.756512 0.537263 147 52 115
0.43472 0.395955 147 52 115
0.311796 0.284985 147 52 115
0.531867 0.431477 147 52 115
0.338445 0.325585 147 52 115
0.713987 0.7605 147 52 115
0.653421 0.570898 147 52 115
0.498696 0.441944 147 52 115
0.543941 0.395481 147 52 115
0.39945 0.279663 147 52 115
0.712075 0.595425 147 52 115
0.355356 0.385382 147 52 115
0.670286 0.437808 147 52 115
0.63896 0.51957 147 52 115
0.943501 0.708311 147 52 115
0.348214 0.399592 147 52 115
0.26158 0.227234 147 52 115
0.531265 0.3271 147 52 115
0.752865 0.726946 147 52 115
0.631942 0.408635 147 52 115
0.534523 0.493633 147 52 115
0.749803 0.596774 147 52 115
0.446912 0.410632 147 52 115
0.537122 0.574329 147 52 115
0.688535 0.547256 147 52 115
0.50307 0.549802 147 52 115
0.633727 0.672499 147 52 115
0.385056 0.363061 147 52 115
0.53556 0.504889 147 52 115
0.611062 0.490701 147 52 115
0.532837 0.593032 147 52 115
0.683249 0.562867 147 52 115
0.504341 0.456794 147 52 115
0.865054 0.736294 147 52 115
0.818697 0.81687 147 52 115
0.435609 0.597985 147 52 115
0.330581 0.311538 147 52 115
0.485634 0.488927 147 52 115
0.583007 0.523642 147 52 115
0.71227 0.524385 147 52 115
0.448693 0.563912 147 52 115
0.585408 0.724061 147 52 115
0.713378 0.462488 147 52 115
0.854035 0.757171 147 52 115
0.637097 0.582165 147 52 115
0.824914 0.785583 147 52 115
0.681531 0.477381 147 52 115
0.729659 0.674676 147 52 115
0.5314 0.65067 147 52 115
0.387606 0.509411 147 52 115
0.777031 0.550141 147 52 115
0.252661 0.27091 147 52 115
0.598651 0.697929 147 52 115
0.801998 0.79452 147 52 115
0.704186 0.37238 147 52 115
0.474509 0.217876 147 52 115
0.464747 0.457934 147 52 115
0.447414 0.478397 147 52 115
0.649848 0.523581 147 52 115
0.618172 0.453976 147 52 115
0.576694 0.455668 147 52 115
0.441951 0.260079 147 52 115
0.407704 0.494086 147 52 115
0.686758 0.660102 147 52 115
0.454808 0.567244 147 52 115
0.460239 0.293657 147 52 115
0.542284 0.525529 147 52 115
0.318846 0.557676 147 52 115
0.51497 0.555647 147 52 115
0.484965 0.498732 147 52 115
0.661706 0.562895 147 52 115
0.727492 0.771781 147 52 115
0.341493 0.449567 147 52 115
0.645376 0.812001 147 52 115
0.644923 0.421205 147 52 115
0.633188 0.509861 147 52 115
0.418029 0.478152 147 52 115
0.528652 0.803138 147 52 115
0.712889 0.632144 147 52 115
0.467877 0.46901 147 52 115
0.588836 0.616037 147 52 115
0.698081 0.632193 147 52 115
0.455271 0.449663 147 52 115
0.623823 0.438608 147 52 115
0.486626 0.69482 147 52 115
0.569552 0.445701 147 52 115
0.445325 0.557478 147 52 115
0.546349 0.631315 147 52 115
0.317377 0.475072 147 52 115
0.488141 0.396115 147 52 115
0.681687 0.47857 147 52 115
0.732729 0.572704 147 52 115
0.65812 0.69129 147 52 115
0.544943 0.474969 147 52 115
0.608406 0.476261 147 52 115
0.412112 0.453873 147 52 115
0.627187 0.553211 147 52 115
0.467303 0.323233 147 52 115
0.642596 0.565916 147 52 115
0.523064 0.524948 147 52 115
0.705018 0.698567 147 52 115
0.474853 0.724652 147 52 115
0.523422 0.239043 147 52 115
0.536265 0.50189 147 52 115
0.369601 0.520094 147 52 115
0.640514 0.736301 147 52 115
0.476343 0.643719 147 52 115
0.514407 0.58492 147 52 115
0.482692 0.489108 147 52 115
0.749629 0.542263 147 52 115
0.30236 0.296943 147 52 115
0.288714 0.491654 147 52 115
0.648867 0.437543 147 52 115
0.556395 0.521347 147 52 115
0.311244 0.423007 147 52 115
0.519194 0.435468 147 52 115
0.308532 0.369491 147 52 115
0.53727 0.750118 147 52 115
0.734655 0.651325 147 52 115
0.536746 0.354747 147 52 115
0.658236 0.640454 147 52 115
0.539388 0.645684 147 52 115
0.572059 0.659539 147 52 115
0.712971 0.749576 147 52 115
0.573415 0.475263 147 52 115
0.365504 0.457991 147 52 115
0.5218 0.341111 147 52 115
0.785218 0.672895 147 52 115
0.378609 0.654646 147 52 115
0.605446 0.574995 147 52 115
0.775279 0.599964 147 52 115
0.635734 0.535599 147 52 115
0.558037 0.626737 147 52 115
0.694587 0.848748 147 52 115
0 0 0 0 0
0.870984 0.514329 143 214 30
-0.148563 1.29223 63 117 7
-0.167648 0.989693 63 117 7
-0.0337054 1.04826 63 117 7
-0.0242689 1.15018 63 117 7
-0.100355 1.10704 63 117 7
0.0327456 1.09971 63 117 7
-0.187984 1.08234 63 117 7
0.0717657 1.10183 63 117 7
-0.235686 1.20885 63 117 7
-0.150019 1.10481 63 117 7
-0.0423378 0.961189 63 117 7
-0.05227 1.06448 63 117 7
-0.359286 1.26822 63 117 7
-0.166211 1.01194 63 117 7
-0.0164259 0.843555 63 117 7
-0.0627366 0.843488 63 117 7
-0.204045 1.16528 63 117 7
-0.315015 1.2882 63 117 7
-0.168523 1.06813 63 117 7
-0.274415 1.26155 63 117 7
0.1605 0.886013 63 117 7
-0.0291022 0.946579 63 117 7
-0.158056 1.1013 63 117 7
-0.204519 1.05606 63 117 7
-0.320337 1.20055 63 117 7
-0.00457475 0.887925 63 117 7
-0.214618 1.24464 63 117 7
-0.162192 0.929714 63 117 7
-0.0804302 0.96104 63 117 7
0.108311 0.656499 63 117 7
-0.200408 1.25179 63 117 7
-0.372766 1.33842 63 117 7
-0.2729 1.06873 63 117 7
0.126946 0.847135 63 117 7
-0.191365 0.968058 63 117 7
-0.106367 1.06548 63 117 7
-0.00322562 0.850197 63 117 7
-0.189368 1.15309 63 117 7
-0.0256711 1.06288 63 117 7
-0.0527444 0.911465 63 117 7
-0.0501985 1.09693 63 117 7
0.0724989 0.966274 63 117 7
-0.236939 1.21494 63 117 7
-0.0951107 1.06444 63 117 7
-0.109299 0.988938 63 117 7
-0.00696846 1.06716 63 117 7
-0.0371329 0.916751 63 117 7
-0.143206 1.09566 63 117 7
0.136294 0.734946 63 117 7
0.21687 0.781303 63 117 7
-0.0020148 1.16439 63 117 7
-0.288462 1.26942 63 117 7
-0.111073 1.11437 63 117 7
-0.0763583 1.01699 63 117 7
-0.0756148 0.88773 63 117 7
-0.0360883 1.15131 63 117 7
0.124061 1.01459 63 117 7
-0.137512 0.886622 63 117 7
0.157171 0.745965 63 117 7
-0.0178352 0.962903 63 117 7
0.185583 0.775086 63 117 7
-0.122619 0.918469 63 117 7
0.0746763 0.870341 63 117 7
0.0506695 1.0686 63 117 7
-0.0905891 1.21239 63 117 7
-0.0498587 0.822969 63 117 7
-0.32909 1.34734 63 117 7
0.0979291 1.00135 63 117 7
0.19452 0.798002 63 117 7
-0.22762 0.895814 63 117 7
-0.382124 1.12549 63 117 7
-0.142066 1.13525 63 117 7
-0.121603 1.15259 63 117 7
-0.0764186 0.950152 63 117 7
-0.146024 0.981828 63 117 7
-0.144332 1.02331 63 117 7
-0.339921 1.15805 63 117 7
-0.105914 1.1923 63 117 7
0.0601023 0.913242 63 117 7
-0.0327563 1.14519 63 117 7
-0.306343 1.13976 63 117 7
-0.0744711 1.05772 63 117 7
-0.0423238 1.28115 63 117 7
-0.0443527 1.08503 63 117 7
-0.101268 1.11503 63 117 7
-0.0371045 0.938294 63 117 7
0.171781 0.872508 63 117 7
-0.150433 1.25851 63 117 7
0.212001 0.954624 63 117 7
-0.178795 0.955077 63 117 7
-0.0901392 0.966812 63 117 7
-0.121848 1.18197 63 117 7
0.203138 1.07135 63 117 7
0.0321439 0.887111 63 117 7
-0.13099 1.13212 63 117 7
0.0160365 1.01116 63 117 7
0.0321934 0.901919 63 117 7
-0.150337 1.14473 63 117 7
-0.161392 0.976177 63 117 7
0.0948203 1.11337 63 117 7
-0.154299 1.03045 63 117 7
-0.0425221 1.15467 63 117 7
0.0313152 1.05365 63 117 7
-0.124928 1.28262 63 117 7
-0.203885 1.11186 63 117 7
-0.12143 0.918313 63 117 7
-0.0272964 0.867271 63 117 7
0.0912902 0.94188 63 117 7
-0.125031 1.05506 63 117 7
-0.123739 0.991594 63 117 7
-0.146127 1.18789 63 117 7
-0.0467888 0.972813 63 117 7
-0.276767 1.1327 63 117 7
-0.0340842 0.957404 63 117 7
-0.0750519 1.07694 63 117 7
0.0985666 0.894982 63 117 7
0.124652 1.12515 63 117 7
-0.360957 1.07658 63 117 7
-0.0981098 1.06374 63 117 7
-0.0799064 1.2304 63 117 7
0.136301 0.959486 63 117 7
0.0437187 1.12366 63 117 7
-0.0150805 1.08559 63 117 7
-0.110892 1.11731 63 117 7
-0.057737 0.850371 63 117 7
-0.303057 1.29764 63 117 7
-0.108346 1.31129 63 117 7
-0.162457 0.951133 63 117 7
-0.0786528 1.04361 63 117 7
-0.176993 1.28876 63 117 7
-0.164533 1.08081 63 117 7
-0.230509 1.29147 63 117 7
0.150118 1.06273 63 117 7
0.0513246 0.865345 63 117 7
-0.245253 1.06325 63 117 7
0.0404542 0.941764 63 117 7
0.045684 1.06061 63 117 7
0.0595393 1.02794 63 117 7
0.149576 0.887029 63 117 7
-0.124737 1.02658 63 117 7
-0.142009 1.2345 63 117 7
-0.258889 1.0782 63 117 7
0.0728954 0.814782 63 117 7
0.054646 1.22139 63 117 7
-0.0250055 0.994554 63 117 7
-3.54946e-05 0.824721 63 117 7
-0.0644008 0.964266 63 117 7
0.0267369 1.04196 63 117 7
0 0 0 0 0
-0.617184 1.28474 186 44 41
-0.0856706 0.729016 159 244 232
0.379053 1.1953 111 25 175
0.618604 1.38107 111 25 175
0.486093 1.4428 111 25 175
0.403401 1.38248 111 25 175
0.486079 1.35394 111 25 175
0.403553 1.45862 111 25 175
0.562559 1.30454 111 25 175
0.376154 1.48648 111 25 175
0.499215 1.1851 111 25 175
0.520597 1.31816 111 25 175
0.557111 1.49391 111 25 175
0.486203 1.41815 111 25 175
0.536419 1.05312 111 25 175
0.600968 1.36743 111 25 175
0.628211 1.59114 111 25 175
0.658888 1.55645 111 25 175
0.510969 1.23764 111 25 175
0.492154 1.07311 111 25 175
0.560345 1.32853 111 25 175
0.485292 1.12119 111 25 175
0.479356 1.69577 111 25 175
0.559317 1.5135 111 25 175
0.528542 1.31445 111 25 175
0.593208 1.30952 111 25 175
0.561421 1.12709 111 25 175
0.587091 1.57069 111 25 175
0.45843 1.17723 111 25 175
0.659984 1.42482 111 25 175
0.582415 1.46544 111 25 175
0.686026 1.80841 111 25 175
0.443676 1.18316 111 25 175
0.49268 0.996583 111 25 175
0.628922 1.24984 111 25 175
0.530708 1.69632 111 25 175
0.650516 1.37758 111 25 175
0.521231 1.37691 111 25 175
0.614498 1.59665 111 25 175
0.510407 1.25671 111 25 175
0.469813 1.43916 111 25 175
0.601291 1.51899 111 25 175
0.460492 1.39824 111 25 175
0.477352 1.57669 111 25 175
0.495471 1.18012 111 25 175
0.514565 1.38604 111 25 175
0.580581 1.42533 111 25 175
0.454231 1.45036 111 25 175
0.587001 1.5272 111 25 175
0.522955 1.32932 111 25 175
0.608677 1.77752 111 25 175
0.520617 1.8073 111 25 175
0.378025 1.38977 111 25 175
0.488683 1.10545 111 25 175
0.487672 1.34105 111 25 175
0.537753 1.43149 111 25 175
0.634219 1.51753 111 25 175
0.410373 1.37287 111 25 175
0.407009 1.58341 111 25 175
0.675986 1.47183 111 25 175
0.586605 1.78589 111 25 175
0.539621 1.51116 111 25 175
0.545972 1.78795 111 25 175
0.642248 1.46194 111 25 175
0.547869 1.64176 111 25 175
0.415034 1.49264 111 25 175
0.400596 1.29159 111 25 175
0.665763 1.57968 111 25 175
0.457105 1.02345 111 25 175
0.434224 1.57256 111 25 175
0.522873 1.7795 111 25 175
0.728682 1.39817 111 25 175
0.658584 1.13038 111 25 175
0.492502 1.30399 111 25 175
0.465968 1.30788 111 25 175
0.587929 1.47565 111 25 175
0.610202 1.40249 111 25 175
0.577971 1.37633 111 25 175
0.606252 1.14051 111 25 175
0.425806 1.29338 111 25 175
0.525328 1.60246 111 25 175
0.412756 1.37941 111 25 175
0.597764 1.17779 111 25 175
0.505959 1.40597 111 25 175
0.3171 1.28232 111 25 175
0.465552 1.4105 111 25 175
0.480686 1.34796 111 25 175
0.570824 1.51298 111 25 175
0.482025 1.71317 111 25 175
0.405585 1.2162 111 25 175
0.393831 1.68903 111 25 175
0.65194 1.3956 111 25 175
0.584507 1.45434 111 25 175
0.444088 1.28826 111 25 175
0.31214 1.60519 111 25 175
0.563419 1.59877 111 25 175
0.487525 1.31437 111 25 175
0.48102 1.50465 111 25 175
0.552279 1.58901 111 25 175
0.490865 1.29152 111 25 175
0.624604 1.3947 111 25 175
0.352251 1.49614 111 25 175
0.579206 1.36413 111 25 175
0.412102 1.36581 111 25 175
0.439047 1.48801 111 25 175
0.370628 1.21938 111 25 175
0.550933 1.27309 111 25 175
0.641579 1.46294 111 25 175
0.61761 1.5673 111 25 175
0.483221 1.60691 111 25 175
0.54139 1.3698 111 25 175
0.588138 1.41274 111 25 175
0.455707 1.26613 111 25 175
0.551336 1.48288 111 25 175
0.583502 1.20464 111 25 175
0.554492 1.5026 111 25 175
0.491926 1.39282 111 25 175
0.513587 1.64339 111 25 175
0.323691 1.51073 111 25 175
0.681275 1.17861 111 25 175
0.517077 1.38426 111 25 175
0.380025 1.28769 111 25 175
0.440248 1.62903 111 25 175
0.378334 1.45101 111 25 175
0.445771 1.43208 111 25 175
0.485346 1.33924 111 25 175
0.650419 1.55565 111 25 175
0.477167 1.07584 111 25 175
0.338162 1.21287 111 25 175
0.644094 1.41046 111 25 175
0.519308 1.41217 111 25 175
0.40046 1.17627 111 25 175
0.5482 1.32315 111 25 175
0.433818 1.13434 111 25 175
0.353669 1.57112 111 25 175
0.56706 1.62755 111 25 175
0.614749 1.27421 111 25 175
0.516928 1.56886 111 25 175
0.424323 1.49418 111 25 175
0.439666 1.52618 111 25 175
0.485818 1.68691 111 25 175
0.562553 1.38885 111 25 175
0.418024 1.2384 111 25 175
0.612557 1.25409 111 25 175
0.590721 1.67717 111 25 175
0.297798 1.39457 111 25 175
0.520622 1.48485 111 25 175
0.631498 1.61589 111 25 175
0.569395 1.47533 111 25 175
0.450842 1.4923 111 25 175
0 0 0 0 0
0.759919 1.61495 223 239 216
