-0.311688 0.101587 182 193 204
-0.111257 -0.125834 182 193 204
-0.057957 0.0102904 182 193 204
-0.123355 0.0890336 182 193 204
-0.14665 0.0047271 182 193 204
-0.0473511 0.0936605 182 193 204
-0.191147 -0.0747021 182 193 204
-0.021262 0.122754 182 193 204
-0.314331 -0.0189784 182 193 204
-0.18019 -0.031968 182 193 204
-0.00249373 -0.0573811 182 193 204
-0.0825538 0.00863295 182 193 204
-0.443715 -0.0643916 182 193 204
-0.125969 -0.109089 182 193 204
0.0990086 -0.122238 182 193 204
0.0663095 -0.155032 182 193 204
-0.261152 -0.0274112 182 193 204
-0.42654 -0.0189584 182 193 204
-0.167341 -0.0709865 182 193 204
-0.378988 -0.00909356 182 193 204
0.194091 0.0328893 182 193 204
0.0171958 -0.0583525 182 193 204
-0.183395 -0.0401302 182 193 204
-0.184256 -0.104978 182 193 204
-0.368323 -0.0847021 182 193 204
0.0760141 -0.0824838 182 193 204
-0.324747 0.0212319 182 193 204
-0.0649875 -0.164387 182 193 204
-0.029324 -0.0844216 182 193 204
0.319479 -0.166304 182 193 204
-0.31975 0.0363295 182 193 204
-0.502884 -0.0242864 182 193 204
-0.241572 -0.144367 182 193 204
0.197857 -0.0183275 182 193 204
-0.112729 -0.157902 182 193 204
-0.121512 -0.0289133 182 193 204
0.103646 -0.108207 182 193 204
-0.242153 -0.0256535 182 193 204
-0.0626138 0.0263094 182 193 204
0.025308 -0.0998999 182 193 204
-0.104036 0.0330445 182 193 204
0.0751127 0.0274162 182 193 204
-0.319529 -0.0155533 182 193 204
-0.112819 -0.0216875 182 193 204
-0.0694642 -0.0851078 182 193 204
-0.0524187 0.0425638 182 193 204
0.0326089 -0.0851228 182 193 204
-0.168903 -0.0336204 182 193 204
0.283796 -0.0910465 182 193 204
0.307992 -0.00129194 182 193 204
-0.117667 0.114817 182 193 204
-0.394482 -0.0134652 182 193 204
-0.159409 0.00232851 182 193 204
-0.066009 -0.0419779 182 193 204
0.0259189 -0.132854 182 193 204
-0.132509 0.0814722 182 193 204
0.0774062 0.098042 182 193 204
-0.0170657 -0.177406 182 193 204
0.290766 -0.0684927 182 193 204
0.0136204 -0.0388432 182 193 204
0.290265 -0.0278117 182 193 204
-0.0290536 -0.144356 182 193 204
0.144487 -0.0388783 182 193 204
-0.012679 0.0843365 182 193 204
-0.214241 0.0861292 182 193 204
0.0899247 -0.160436 182 193 204
-0.478307 0.0129044 182 193 204
0.0682924 0.0702003 182 193 204
0.280381 -0.00528794 182 193 204
-0.0872811 -0.234622 182 193 204
-0.358938 -0.181467 182 193 204
-0.196094 -0.00481725 182 193 204
-0.193881 0.0219079 182 193 204
-0.0187882 -0.0892839 182 193 204
-0.0904056 -0.116104 182 193 204
-0.118538 -0.0855784 182 193 204
-0.352118 -0.128603 182 193 204
-0.210866 0.0610816 182 193 204
0.103846 -0.0188482 182 193 204
-0.125829 0.0795042 182 193 204
-0.315443 -0.117792 182 193 204
-0.0934702 -0.0118478 182 193 204
-0.228733 0.168878 182 193 204
-0.0914872 0.0287631 182 193 204
-0.152949 0.00973462 182 193 204
0.0173961 -0.0698698 182 193 204
0.211617 0.031317 182 193 204
-0.289164 0.0764196 182 193 204
0.181993 0.117822 182 193 204
-0.094662 -0.158192 182 193 204
-0.0402704 -0.0872057 182 193 204
-0.214832 0.0425137 182 193 204
0.0931899 0.194091 182 193 204
0.102554 -0.0570956 182 193 204
-0.186049 0.00080122 182 193 204
0.00344518 0.0192339 182 193 204
0.0921181 -0.0465899 182 193 204
-0.208643 -0.00396595 182 193 204
-0.0972759 -0.130966 182 193 204
-0.0131197 0.147216 182 193 204
-0.130636 -0.0875763 182 193 204
-0.139439 0.0793039 182 193 204
-0.0157937 0.0600801 182 193 204
-0.288182 0.111507 182 193 204
-0.223265 -0.0650726 182 193 204
-0.0281022 -0.143625 182 193 204
0.0745518 -0.113155 182 193 204
0.105649 0.0234552 182 193 204
-0.127341 -0.0494792 182 193 204
-0.0815524 -0.0934403 182 193 204
-0.236184 0.0295293 182 193 204
-0.0138609 -0.0523085 182 193 204
-0.289534 -0.101873 182 193 204
0.00601901 -0.0542213 182 193 204
-0.107471 0.00133198 182 193 204
0.143956 -0.00456184 182 193 204
-0.000350472 0.176635 182 193 204
-0.309384 -0.201087 182 193 204
-0.114442 -0.0243065 182 193 204
-0.219419 0.106415 182 193 204
0.125027 0.0677316 182 193 204
-0.0565249 0.118353 182 193 204
-0.0711867 0.0498598 182 193 204
-0.161362 0.00453679 182 193 204
0.0649775 -0.14663 182 193 204
-0.424757 -0.00383073 182 193 204
-0.296725 0.1435 182 193 204
-0.0803204 -0.149429 182 193 204
-0.0864497 -0.0247822 182 193 204
-0.329334 0.0790286 182 193 204
-0.17348 -0.0592039 182 193 204
-0.369093 0.0431046 182 193 204
0.0617927 0.150506 182 193 204
0.131507 -0.0589233 182 193 204
-0.218147 -0.128693 182 193 204
0.0697847 -0.0125739 182 193 204
-0.0105558 0.0751627 182 193 204
0.0223435 0.0618578 182 193 204
0.185649 0.0258838 182 193 204
-0.107001 -0.0694041 182 193 204
-0.266229 0.0653981 182 193 204
-0.238358 -0.127767 182 193 204
0.182514 -0.0794241 182 193 204
-0.117907 0.195188 182 193 204
-0.0138308 -0.0215323 182 193 204
0.123916 -0.123966 182 193 204
0.131037 -0.252193 182 193 204
-0.0202704 -0.0708062 182 193 204
-0.0107662 0.0485779 182 193 204
0.315259 -0.0171838 182 193 204
-0.0811654 -0.0230449 0 0 0
-0.630816 0.431157 162 10 107
-0.718428 0.426114 162 10 107
-0.596054 0.569675 162 10 107
-0.587421 0.567727 162 10 107
-0.796795 0.476855 162 10 107
-0.582273 0.332899 162 10 107
-0.761562 0.413325 162 10 107
-0.412749 0.364657 162 10 107
-0.652318 0.505013 162 10 107
-0.714071 0.362839 162 10 107
-0.613761 0.419199 162 10 107
-0.557717 0.333035 162 10 107
-0.712839 0.436169 162 10 107
-0.987972 0.424201 162 10 107
-0.549124 0.469529 162 10 107
-0.550145 0.430601 162 10 107
-0.447561 0.497762 162 10 107
-0.515303 0.478498 162 10 107
-0.604407 0.308823 162 10 107
-0.784817 0.502879 162 10 107
-0.555343 0.420821 162 10 107
-0.804817 0.37342 162 10 107
-0.709214 0.406705 162 10 107
-0.503325 0.318092 162 10 107
-0.729715 0.513085 162 10 107
-0.695183 0.554712 162 10 107
-0.355263 0.49302 162 10 107
-0.521282 0.529184 162 10 107
-0.604737 0.537111 162 10 107
-0.555503 0.640881 162 10 107
-0.516545 0.455253 162 10 107
-0.767681 0.514016 162 10 107
-0.785008 0.49315 162 10 107
-0.495413 0.504392 162 10 107
-0.541462 0.610741 162 10 107
-0.844587 0.427291 162 10 107
-0.547451 0.356765 162 10 107
-0.698298 0.635173 162 10 107
-0.597667 0.4566 162 10 107
-0.75983 0.541352 162 10 107
-0.537717 0.44977 162 10 107
-0.552819 0.466294 162 10 107
-0.758197 0.494377 162 10 107
-0.649254 0.531122 162 10 107
-0.649484 0.602449 162 10 107
-0.761182 0.547496 162 10 107
-0.567571 0.655238 162 10 107
-0.702324 0.414637 162 10 107
-0.879559 0.492474 162 10 107
-0.668723 0.422954 162 10 107
-0.576775 0.509429 162 10 107
-0.672799 0.487506 162 10 107
-0.789795 0.484647 162 10 107
-0.80641 0.489104 162 10 107
-0.451958 0.738002 162 10 107
-0.452379 0.443035 162 10 107
-1.11587 0.470205 162 10 107
-0.682624 0.583721 162 10 107
-0.73981 0.499514 162 10 107
-0.755814 0.475979 162 10 107
-0.73298 0.568683 162 10 107
-0.604347 0.45314 162 10 107
-0.805939 0.619579 162 10 107
-0.728673 0.447396 162 10 107
-1.06307 0.557421 162 10 107
-0.764927 0.551292 162 10 107
-0.602333 0.658247 162 10 107
-0.538257 0.395188 162 10 107
-0.835393 0.65332 162 10 107
-0.529294 0.511713 162 10 107
-0.348393 0.49306 162 10 107
-0.867752 0.557031 162 10 107
-0.523195 0.379875 162 10 107
-0.389444 0.555033 162 10 107
-0.737306 0.518102 162 10 107
-0.901482 0.539079 162 10 107
-0.661703 0.671898 162 10 107
-0.464547 0.54334 162 10 107
-0.677927 0.264557 162 10 107
-0.50012 0.545794 162 10 107
-0.506339 0.459259 162 10 107
-0.698588 0.56007 162 10 107
-0.610826 0.377481 162 10 107
-0.444988 0.442143 162 10 107
-0.704947 0.474286 162 10 107
-0.46683 0.557241 162 10 107
-0.828483 0.447411 162 10 107
-0.386991 0.375578 162 10 107
-0.878638 0.449815 162 10 107
-0.845909 0.592123 162 10 107
-0.748372 0.387481 162 10 107
-0.765198 0.569364 162 10 107
-0.640651 0.391773 162 10 107
-0.729384 0.421197 162 10 107
-0.51352 0.505473 162 10 107
-0.85998 0.545318 162 10 107
-0.602844 0.302579 162 10 107
-0.97361 0.58645 162 10 107
-0.758979 0.610631 162 10 107
-0.464517 0.588072 162 10 107
-0.876345 0.421162 162 10 107
-0.612048 0.380871 162 10 107
-0.562333 0.405408 162 10 107
-0.909474 0.248618 162 10 107
-0.62015 0.342389 162 10 107
-0.468152 0.46359 162 10 107
-0.441242 0.470896 162 10 107
-0.731938 0.510876 162 10 107
-0.491537 0.620811 162 10 107
-0.656355 0.47366 162 10 107
-0.349775 0.441888 162 10 107
-0.342564 0.408828 162 10 107
-0.845108 0.360531 162 10 107
-0.328002 0.581648 162 10 107
-0.676455 0.441873 162 10 107
-0.891547 0.535984 162 10 107
-0.526981 0.711688 162 10 107
-0.686089 0.38688 162 10 107
-0.945208 0.480906 162 10 107
-0.625859 0.377977 162 10 107
-0.561452 0.601442 162 10 107
-0.725468 0.494106 162 10 107
-0.607171 0.555568 162 10 107
-0.468513 0.319875 162 10 107
-0.552388 0.370205 162 10 107
-0.889484 0.275739 162 10 107
-0.690996 0.444246 162 10 107
-0.664517 0.581007 162 10 107
-0.784777 0.452414 162 10 107
-0.407551 0.48342 162 10 107
-0.723055 0.588433 162 10 107
-0.618848 0.399634 162 10 107
-0.851477 0.553145 162 10 107
-0.748263 0.379074 162 10 107
-0.87306 0.378317 162 10 107
-0.590426 0.527802 162 10 107
-0.637827 0.472233 162 10 107
-0.661953 0.589775 162 10 107
-0.590896 0.499564 162 10 107
-0.509594 0.414126 162 10 107
-0.536695 0.394251 162 10 107
-0.707832 0.464732 162 10 107
-0.781753 0.425413 162 10 107
-0.696695 0.405528 162 10 107
-0.548863 0.609905 162 10 107
-0.689434 0.518523 162 10 107
-0.643766 0.385463 162 10 107
-0.420841 0.461577 162 10 107
-0.452689 0.310356 162 10 107
-0.666189 0.623215 162 10 107
-0.661903 0.497451 162 10 107
-0.7933 0.371948 162 10 107
-0.836194 0.389389 162 10 107
-0.569214 0.395113 162 10 107
-0.91312 0.533831 162 10 107
-0.494532 0.439384 162 10 107
-0.704136 0.3136 162 10 107
-0.938428 0.273686 162 10 107
-0.776194 0.520521 162 10 107
-0.863786 0.474206 162 10 107
-0.730616 0.407261 162 10 107
-0.384306 0.549184 162 10 107
-0.784737 0.480676 162 10 107
-0.655473 0.465483 162 10 107
-0.698818 0.325263 162 10 107
-0.512539 0.51646 162 10 107
-0.466991 0.346214 162 10 107
-0.719209 0.485193 162 10 107
-0.452379 0.486435 162 10 107
-0.431547 0.59667 162 10 107
-0.915093 0.602243 162 10 107
-0.65351 0.584467 162 10 107
-0.581542 0.470651 162 10 107
-0.718658 0.408999 162 10 107
-0.444907 0.64659 162 10 107
-0.448162 0.368728 162 10 107
-0.480661 0.37651 162 10 107
-0.739259 0.451377 162 10 107
-0.704527 0.497536 162 10 107
-0.689695 0.47644 162 10 107
-0.837737 0.448097 162 10 107
-0.504978 0.441698 162 10 107
-0.663335 0.321988 162 10 107
-0.340631 0.455088 162 10 107
-0.630025 0.561572 162 10 107
-0.47318 0.464807 162 10 107
-0.697466 0.410771 162 10 107
-0.584126 0.445378 162 10 107
-0.62008 0.338428 162 10 107
-0.672238 0.555428 162 10 107
-0.564206 0.589023 162 10 107
-0.542714 0.457586 162 10 107
-0.831678 0.357321 162 10 107
-0.651157 0.485659 162 10 107
-0.695794 0.604171 162 10 107
-0.83996 0.353275 162 10 107
-0.714942 0.531963 162 10 107
-0.798959 0.381352 162 10 107
-0.408633 0.544882 162 10 107
-0.702594 0.479965 162 10 107
-0.684276 0.464442 162 10 107
-0.564727 0.594306 162 10 107
-0.737276 0.591728 162 10 107
-0.936234 0.32325 162 10 107
-0.65349 0.588177 162 10 107
-0.803896 0.363335 162 10 107
-0.505658 0.358508 162 10 107
-0.547221 0.410646 162 10 107
-0.66016 0.444732 162 10 107
-0.630886 0.433175 162 10 107
-0.479699 0.734051 162 10 107
-0.608172 0.398693 162 10 107
-0.621102 0.466129 162 10 107
-0.522323 0.403545 162 10 107
-1.027 0.685809 162 10 107
-0.703686 0.633345 162 10 107
-0.655183 0.461688 162 10 107
-0.7133 0.505223 162 10 107
-1.05111 0.390766 162 10 107
-0.649404 0.601893 162 10 107
-0.364707 0.435859 162 10 107
-0.541973 0.610831 162 10 107
-0.209585 0.355178 162 10 107
-0.519509 0.527201 162 10 107
-0.717266 0.57326 162 10 107
-0.623485 0.641898 162 10 107
-0.869965 0.420045 162 10 107
-0.644647 0.526164 162 10 107
-0.754902 0.320195 162 10 107
-0.767161 0.412043 162 10 107
-0.505068 0.454872 162 10 107
-0.350526 0.585578 162 10 107
-0.661773 0.564822 162 10 107
-0.555784 0.427226 162 10 107
-0.629925 0.497281 162 10 107
-0.705038 0.37676 162 10 107
-0.445328 0.338798 162 10 107
-0.730035 0.567006 162 10 107
-0.776595 0.435714 162 10 107
-0.665879 0.440451 162 10 107
-0.742323 0.44341 162 10 107
-1.19333 0.303806 162 10 107
-0.229284 0.609604 162 10 107
-0.461642 0.46321 162 10 107
-0.824928 0.535233 162 10 107
-0.881182 0.31978 162 10 107
-0.717757 0.554772 162 10 107
-0.562494 0.470951 162 10 107
-0.580821 0.404472 162 10 107
-0.651625 0.475468 0 0 0
-0.637757 -0.235073 142 231 174
-0.630806 0.232123 142 231 174
-0.617184 1.28474 142 231 174
0.307771 0.451437 128 205 138
0.610307 0.432352 128 205 138
0.551742 0.566295 128 205 138
0.449819 0.575731 128 205 138
0.49296 0.499645 128 205 138
0.50029 0.632746 128 205 138
0.517661 0.412017 128 205 138
0.498165 0.671766 128 205 138
0.391154 0.364314 128 205 138
0.495191 0.449981 128 205 138
0.638811 0.557662 128 205 138
0.535521 0.54773 128 205 138
0.331778 0.240714 128 205 138
0.588064 0.433789 128 205 138
0.756445 0.583574 128 205 138
0.756512 0.537263 128 205 138
0.43472 0.395955 128 205 138
0.311796 0.284985 128 205 138
0.531867 0.431477 128 205 138
0.338445 0.325585 128 205 138
0.713987 0.7605 128 205 138
0.653421 0.570898 128 205 138
0.498696 0.441944 128 205 138
0.543941 0.395481 128 205 138
0.39945 0.279663 128 205 138
0.712075 0.595425 128 205 138
0.355356 0.385382 128 205 138
0.670286 0.437808 128 205 138
0.63896 0.51957 128 205 138
0.943501 0.708311 128 205 138
0.348214 0.399592 128 205 138
0.26158 0.227234 128 205 138
0.531265 0.3271 128 205 138
0.752865 0.726946 128 205 138
0.631942 0.408635 128 205 138
0.534523 0.493633 128 205 138
0.749803 0.596774 128 205 138
0.446912 0.410632 128 205 138
0.537122 0.574329 128 205 138
0.688535 0.547256 128 205 138
0.50307 0.549802 128 205 138
0.633727 0.672499 128 205 138
0.385056 0.363061 128 205 138
0.53556 0.504889 128 205 138
0.611062 0.490701 128 205 138
0.532837 0.593032 128 205 138
0.683249 0.562867 128 205 138
0.504341 0.456794 128 205 138
0.865054 0.736294 128 205 138
0.818697 0.81687 128 205 138
0.435609 0.597985 128 205 138
0.330581 0.311538 128 205 138
0.485634 0.488927 128 205 138
0.583007 0.523642 128 205 138
0.71227 0.524385 128 205 138
0.448693 0.563912 128 205 138
0.585408 0.724061 128 205 138
0.713378 0.462488 128 205 138
0.854035 0.757171 128 205 138
0.637097 0.582165 128 205 138
0.824914 0.785583 128 205 138
0.681531 0.477381 128 205 138
0.729659 0.674676 128 205 138
0.5314 0.65067 128 205 138
0.387606 0.509411 128 205 138
0.777031 0.550141 128 205 138
0.252661 0.27091 128 205 138
0.598651 0.697929 128 205 138
0.801998 0.79452 128 205 138
0.704186 0.37238 128 205 138
0.474509 0.217876 128 205 138
0.464747 0.457934 128 205 138
0.447414 0.478397 128 205 138
0.649848 0.523581 128 205 138
0.618172 0.453976 128 205 138
0.576694 0.455668 128 205 138
0.441951 0.260079 128 205 138
0.407704 0.494086 128 205 138
0.686758 0.660102 128 205 138
0.454808 0.567244 128 205 138
0.460239 0.293657 128 205 138
0.542284 0.525529 128 205 138
0.318846 0.557676 128 205 138
0.51497 0.555647 128 205 138
0.484965 0.498732 128 205 138
0.661706 0.562895 128 205 138
0.727492 0.771781 128 205 138
0.341493 0.449567 128 205 138
0.645376 0.812001 128 205 138
0.644923 0.421205 128 205 138
0.633188 0.509861 128 205 138
0.418029 0.478152 128 205 138
0.528652 0.803138 128 205 138
0.712889 0.632144 128 205 138
0.467877 0.46901 128 205 138
0.588836 0.616037 128 205 138
0.698081 0.632193 128 205 138
0.455271 0.449663 128 205 138
0.623823 0.438608 128 205 138
0.486626 0.69482 128 205 138
0.569552 0.445701 128 205 138
0.445325 0.557478 128 205 138
0.546349 0.631315 128 205 138
0.317377 0.475072 128 205 138
0.488141 0.396115 128 205 138
0.681687 0.47857 128 205 138
0.732729 0.572704 128 205 138
0.65812 0.69129 128 205 138
0.544943 0.474969 128 205 138
0.608406 0.476261 128 205 138
0.412112 0.453873 128 205 138
0.627187 0.553211 128 205 138
0.467303 0.323233 128 205 138
0.642596 0.565916 128 205 138
0.523064 0.524948 128 205 138
0.705018 0.698567 128 205 138
0.474853 0.724652 128 205 138
0.523422 0.239043 128 205 138
0.536265 0.50189 128 205 138
0.369601 0.520094 128 205 138
0.640514 0.736301 128 205 138
0.476343 0.643719 128 205 138
0.514407 0.58492 128 205 138
0.482692 0.489108 128 205 138
0.749629 0.542263 128 205 138
0.30236 0.296943 128 205 138
0.288714 0.491654 128 205 138
0.648867 0.437543 128 205 138
0.556395 0.521347 128 205 138
0.311244 0.423007 128 205 138
0.519194 0.435468 128 205 138
0.308532 0.369491 128 205 138
0.53727 0.750118 128 205 138
0.734655 0.651325 128 205 138
0.536746 0.354747 128 205 138
0.658236 0.640454 128 205 138
0.539388 0.645684 128 205 138
0.572059 0.659539 128 205 138
0.712971 0.749576 128 205 138
0.573415 0.475263 128 205 138
0.365504 0.457991 128 205 138
0.5218 0.341111 128 205 138
0.785218 0.672895 128 205 138
0.378609 0.654646 128 205 138
0.605446 0.574995 128 205 138
0.775279 0.599964 128 205 138
0.870984 0.514329 128 205 138
0.635734 0.535599 128 205 138
0.558037 0.626737 128 205 138
0.694587 0.848748 128 205 138
0.557378 0.526086 0 0 0
-0.148563 1.29223 109 119 24
-0.167648 0.989693 109 119 24
-0.0337054 1.04826 109 119 24
-0.0242689 1.15018 109 119 24
-0.100355 1.10704 109 119 24
0.0327456 1.09971 109 119 24
-0.187984 1.08234 109 119 24
0.0717657 1.10183 109 119 24
-0.235686 1.20885 109 119 24
-0.150019 1.10481 109 119 24
-0.0423378 0.961189 109 119 24
-0.05227 1.06448 109 119 24
-0.359286 1.26822 109 119 24
-0.166211 1.01194 109 119 24
-0.0164259 0.843555 109 119 24
-0.0627366 0.843488 109 119 24
-0.204045 1.16528 109 119 24
-0.315015 1.2882 109 119 24
-0.168523 1.06813 109 119 24
-0.274415 1.26155 109 119 24
0.1605 0.886013 109 119 24
-0.0291022 0.946579 109 119 24
-0.158056 1.1013 109 119 24
-0.204519 1.05606 109 119 24
-0.320337 1.20055 109 119 24
-0.00457475 0.887925 109 119 24
-0.214618 1.24464 109 119 24
-0.162192 0.929714 109 119 24
-0.0804302 0.96104 109 119 24
0.108311 0.656499 109 119 24
-0.200408 1.25179 109 119 24
-0.372766 1.33842 109 119 24
-0.2729 1.06873 109 119 24
0.126946 0.847135 109 119 24
-0.191365 0.968058 109 119 24
-0.106367 1.06548 109 119 24
-0.00322562 0.850197 109 119 24
-0.189368 1.15309 109 119 24
-0.0256711 1.06288 109 119 24
-0.0527444 0.911465 109 119 24
-0.0501985 1.09693 109 119 24
0.0724989 0.966274 109 119 24
-0.236939 1.21494 109 119 24
-0.0951107 1.06444 109 119 24
-0.109299 0.988938 109 119 24
-0.00696846 1.06716 109 119 24
-0.0371329 0.916751 109 119 24
-0.143206 1.09566 109 119 24
0.136294 0.734946 109 119 24
0.21687 0.781303 109 119 24
-0.0020148 1.16439 109 119 24
-0.288462 1.26942 109 119 24
-0.111073 1.11437 109 119 24
-0.0763583 1.01699 109 119 24
-0.0756148 0.88773 109 119 24
-0.0360883 1.15131 109 119 24
0.124061 1.01459 109 119 24
-0.137512 0.886622 109 119 24
0.157171 0.745965 109 119 24
-0.0178352 0.962903 109 119 24
0.185583 0.775086 109 119 24
-0.122619 0.918469 109 119 24
0.0746763 0.870341 109 119 24
0.0506695 1.0686 109 119 24
-0.0905891 1.21239 109 119 24
-0.0498587 0.822969 109 119 24
-0.32909 1.34734 109 119 24
0.0979291 1.00135 109 119 24
0.19452 0.798002 109 119 24
-0.22762 0.895814 109 119 24
-0.382124 1.12549 109 119 24
-0.142066 1.13525 109 119 24
-0.121603 1.15259 109 119 24
-0.0764186 0.950152 109 119 24
-0.146024 0.981828 109 119 24
-0.144332 1.02331 109 119 24
-0.339921 1.15805 109 119 24
-0.105914 1.1923 109 119 24
0.0601023 0.913242 109 119 24
-0.0327563 1.14519 109 119 24
-0.306343 1.13976 109 119 24
-0.0744711 1.05772 109 119 24
-0.0423238 1.28115 109 119 24
-0.0443527 1.08503 109 119 24
-0.101268 1.11503 109 119 24
-0.0371045 0.938294 109 119 24
0.171781 0.872508 109 119 24
-0.150433 1.25851 109 119 24
0.212001 0.954624 109 119 24
-0.178795 0.955077 109 119 24
-0.0901392 0.966812 109 119 24
-0.121848 1.18197 109 119 24
0.203138 1.07135 109 119 24
0.0321439 0.887111 109 119 24
-0.13099 1.13212 109 119 24
0.0160365 1.01116 109 119 24
0.0321934 0.901919 109 119 24
-0.150337 1.14473 109 119 24
-0.161392 0.976177 109 119 24
0.0948203 1.11337 109 119 24
-0.154299 1.03045 109 119 24
-0.0425221 1.15467 109 119 24
0.0313152 1.05365 109 119 24
-0.124928 1.28262 109 119 24
-0.203885 1.11186 109 119 24
-0.12143 0.918313 109 119 24
-0.0272964 0.867271 109 119 24
0.0912902 0.94188 109 119 24
-0.125031 1.05506 109 119 24
-0.123739 0.991594 109 119 24
-0.146127 1.18789 109 119 24
-0.0467888 0.972813 109 119 24
-0.276767 1.1327 109 119 24
-0.0340842 0.957404 109 119 24
-0.0750519 1.07694 109 119 24
0.0985666 0.894982 109 119 24
0.124652 1.12515 109 119 24
-0.360957 1.07658 109 119 24
-0.0981098 1.06374 109 119 24
-0.0799064 1.2304 109 119 24
0.136301 0.959486 109 119 24
0.0437187 1.12366 109 119 24
-0.0150805 1.08559 109 119 24
-0.110892 1.11731 109 119 24
-0.057737 0.850371 109 119 24
-0.303057 1.29764 109 119 24
-0.108346 1.31129 109 119 24
-0.162457 0.951133 109 119 24
-0.0786528 1.04361 109 119 24
-0.176993 1.28876 109 119 24
-0.164533 1.08081 109 119 24
-0.230509 1.29147 109 119 24
0.150118 1.06273 109 119 24
0.0513246 0.865345 109 119 24
-0.245253 1.06325 109 119 24
0.0404542 0.941764 109 119 24
0.045684 1.06061 109 119 24
0.0595393 1.02794 109 119 24
0.149576 0.887029 109 119 24
-0.124737 1.02658 109 119 24
-0.142009 1.2345 109 119 24
-0.258889 1.0782 109 119 24
0.0728954 0.814782 109 119 24
0.054646 1.22139 109 119 24
-0.0250055 0.994554 109 119 24
-3.54946e-05 0.824721 109 119 24
-0.0856706 0.729016 109 119 24
-0.0644008 0.964266 109 119 24
0.0267369 1.04196 109 119 24
-0.0750675 1.04265 0 0 0
0.379053 1.1953 143 35 244
0.618604 1.38107 143 35 244
0.486093 1.4428 143 35 244
0.403401 1.38248 143 35 244
0.486079 1.35394 143 35 244
0.403553 1.45862 143 35 244
0.562559 1.30454 143 35 244
0.376154 1.48648 143 35 244
0.499215 1.1851 143 35 244
0.520597 1.31816 143 35 244
0.557111 1.49391 143 35 244
0.486203 1.41815 143 35 244
0.536419 1.05312 143 35 244
0.600968 1.36743 143 35 244
0.628211 1.59114 143 35 244
0.658888 1.55645 143 35 244
0.510969 1.23764 143 35 244
0.492154 1.07311 143 35 244
0.560345 1.32853 143 35 244
0.485292 1.12119 143 35 244
0.479356 1.69577 143 35 244
0.559317 1.5135 143 35 244
0.528542 1.31445 143 35 244
0.593208 1.30952 143 35 244
0.561421 1.12709 143 35 244
0.587091 1.57069 143 35 244
0.45843 1.17723 143 35 244
0.659984 1.42482 143 35 244
0.582415 1.46544 143 35 244
0.686026 1.80841 143 35 244
0.443676 1.18316 143 35 244
0.49268 0.996583 143 35 244
0.628922 1.24984 143 35 244
0.530708 1.69632 143 35 244
0.650516 1.37758 143 35 244
0.521231 1.37691 143 35 244
0.614498 1.59665 143 35 244
0.510407 1.25671 143 35 244
0.469813 1.43916 143 35 244
0.601291 1.51899 143 35 244
0.460492 1.39824 143 35 244
0.477352 1.57669 143 35 244
0.495471 1.18012 143 35 244
0.514565 1.38604 143 35 244
0.580581 1.42533 143 35 244
0.454231 1.45036 143 35 244
0.587001 1.5272 143 35 244
0.522955 1.32932 143 35 244
0.608677 1.77752 143 35 244
0.520617 1.8073 143 35 244
0.378025 1.38977 143 35 244
0.488683 1.10545 143 35 244
0.487672 1.34105 143 35 244
0.537753 1.43149 143 35 244
0.634219 1.51753 143 35 244
0.410373 1.37287 143 35 244
0.407009 1.58341 143 35 244
0.675986 1.47183 143 35 244
0.586605 1.78589 143 35 244
0.539621 1.51116 143 35 244
0.545972 1.78795 143 35 244
0.642248 1.46194 143 35 244
0.547869 1.64176 143 35 244
0.415034 1.49264 143 35 244
0.400596 1.29159 143 35 244
0.665763 1.57968 143 35 244
0.457105 1.02345 143 35 244
0.434224 1.57256 143 35 244
0.522873 1.7795 143 35 244
0.728682 1.39817 143 35 244
0.658584 1.13038 143 35 244
0.492502 1.30399 143 35 244
0.465968 1.30788 143 35 244
0.587929 1.47565 143 35 244
0.610202 1.40249 143 35 244
0.577971 1.37633 143 35 244
0.606252 1.14051 143 35 244
0.425806 1.29338 143 35 244
0.525328 1.60246 143 35 244
0.412756 1.37941 143 35 244
0.597764 1.17779 143 35 244
0.505959 1.40597 143 35 244
0.3171 1.28232 143 35 244
0.465552 1.4105 143 35 244
0.480686 1.34796 143 35 244
0.570824 1.51298 143 35 244
0.482025 1.71317 143 35 244
0.405585 1.2162 143 35 244
0.393831 1.68903 143 35 244
0.65194 1.3956 143 35 244
0.584507 1.45434 143 35 244
0.444088 1.28826 143 35 244
0.31214 1.60519 143 35 244
0.563419 1.59877 143 35 244
0.487525 1.31437 143 35 244
0.48102 1.50465 143 35 244
0.552279 1.58901 143 35 244
0.490865 1.29152 143 35 244
0.624604 1.3947 143 35 244
0.352251 1.49614 143 35 244
0.579206 1.36413 143 35 244
0.412102 1.36581 143 35 244
0.439047 1.48801 143 35 244
0.370628 1.21938 143 35 244
0.550933 1.27309 143 35 244
0.641579 1.46294 143 35 244
0.61761 1.5673 143 35 244
0.483221 1.60691 143 35 244
0.54139 1.3698 143 35 244
0.588138 1.41274 143 35 244
0.455707 1.26613 143 35 244
0.551336 1.48288 143 35 244
0.583502 1.20464 143 35 244
0.554492 1.5026 143 35 244
0.491926 1.39282 143 35 244
0.513587 1.64339 143 35 244
0.323691 1.51073 143 35 244
0.681275 1.17861 143 35 244
0.517077 1.38426 143 35 244
0.380025 1.28769 143 35 244
0.440248 1.62903 143 35 244
0.378334 1.45101 143 35 244
0.445771 1.43208 143 35 244
0.485346 1.33924 143 35 244
0.650419 1.55565 143 35 244
0.477167 1.07584 143 35 244
0.338162 1.21287 143 35 244
0.644094 1.41046 143 35 244
0.519308 1.41217 143 35 244
0.40046 1.17627 143 35 244
0.5482 1.32315 143 35 244
0.433818 1.13434 143 35 244
0.353669 1.57112 143 35 244
0.56706 1.62755 143 35 244
0.614749 1.27421 143 35 244
0.516928 1.56886 143 35 244
0.424323 1.49418 143 35 244
0.439666 1.52618 143 35 244
0.485818 1.68691 143 35 244
0.562553 1.38885 143 35 244
0.418024 1.2384 143 35 244
0.612557 1.25409 143 35 244
0.590721 1.67717 143 35 244
0.297798 1.39457 143 35 244
0.520622 1.48485 143 35 244
0.631498 1.61589 143 35 244
0.759919 1.61495 143 35 244
0.569395 1.47533 143 35 244
0.450842 1.4923 143 35 244
0.517508 1.41481 0 0 0
