-0.311688 0.101587 111 190 106
-0.111257 -0.125834 111 190 106
-0.057957 0.0102904 111 190 106
-0.123355 0.0890336 111 190 106
-0.14665 0.0047271 111 190 106
-0.0473511 0.0936605 111 190 106
-0.191147 -0.0747021 111 190 106
-0.021262 0.122754 111 190 106
-0.314331 -0.0189784 111 190 106
-0.18019 -0.031968 111 190 106
-0.00249373 -0.0573811 111 190 106
-0.0825538 0.00863295 111 190 106
-0.443715 -0.0643916 111 190 106
-0.125969 -0.109089 111 190 106
0.0990086 -0.122238 111 190 106
0.0663095 -0.155032 111 190 106
-0.261152 -0.0274112 111 190 106
-0.42654 -0.0189584 111 190 106
-0.167341 -0.0709865 111 190 106
-0.378988 -0.00909356 111 190 106
0.194091 0.0328893 111 190 106
0.0171958 -0.0583525 111 190 106
-0.183395 -0.0401302 111 190 106
-0.184256 -0.104978 111 190 106
-0.368323 -0.0847021 111 190 106
0.0760141 -0.0824838 111 190 106
-0.324747 0.0212319 111 190 106
-0.0649875 -0.164387 111 190 106
-0.029324 -0.0844216 111 190 106
0.319479 -0.166304 111 190 106
-0.31975 0.0363295 111 190 106
-0.502884 -0.0242864 111 190 106
-0.241572 -0.144367 111 190 106
0.197857 -0.0183275 111 190 106
-0.112729 -0.157902 111 190 106
-0.121512 -0.0289133 111 190 106
0.103646 -0.108207 111 190 106
-0.242153 -0.0256535 111 190 106
-0.0626138 0.0263094 111 190 106
0.025308 -0.0998999 111 190 106
-0.104036 0.0330445 111 190 106
0.0751127 0.0274162 111 190 106
-0.319529 -0.0155533 111 190 106
-0.112819 -0.0216875 111 190 106
-0.0694642 -0.0851078 111 190 106
-0.0524187 0.0425638 111 190 106
0.0326089 -0.0851228 111 190 106
-0.168903 -0.0336204 111 190 106
0.283796 -0.0910465 111 190 106
0.307992 -0.00129194 111 190 106
-0.117667 0.114817 111 190 106
-0.394482 -0.0134652 111 190 106
-0.159409 0.00232851 111 190 106
-0.066009 -0.0419779 111 190 106
0.0259189 -0.132854 111 190 106
-0.132509 0.0814722 111 190 106
0.0774062 0.098042 111 190 106
-0.0170657 -0.177406 111 190 106
0.290766 -0.0684927 111 190 106
0.0136204 -0.0388432 111 190 106
0.290265 -0.0278117 111 190 106
-0.0290536 -0.144356 111 190 106
0.144487 -0.0388783 111 190 106
-0.012679 0.0843365 111 190 106
-0.214241 0.0861292 111 190 106
0.0899247 -0.160436 111 190 106
-0.478307 0.0129044 111 190 106
0.0682924 0.0702003 111 190 106
0.280381 -0.00528794 111 190 106
-0.0872811 -0.234622 111 190 106
-0.358938 -0.181467 111 190 106
-0.196094 -0.00481725 111 190 106
-0.193881 0.0219079 111 190 106
-0.0187882 -0.0892839 111 190 106
-0.0904056 -0.116104 111 190 106
-0.118538 -0.0855784 111 190 106
-0.352118 -0.128603 111 190 106
-0.210866 0.0610816 111 190 106
0.103846 -0.0188482 111 190 106
-0.125829 0.0795042 111 190 106
-0.315443 -0.117792 111 190 106
-0.0934702 -0.0118478 111 190 106
-0.228733 0.168878 111 190 106
-0.0914872 0.0287631 111 190 106
-0.152949 0.00973462 111 190 106
0.0173961 -0.0698698 111 190 106
0.211617 0.031317 111 190 106
-0.289164 0.0764196 111 190 106
0.181993 0.117822 111 190 106
-0.094662 -0.158192 111 190 106
-0.0402704 -0.0872057 111 190 106
-0.214832 0.0425137 111 190 106
0.0931899 0.194091 111 190 106
0.102554 -0.0570956 111 190 106
-0.186049 0.00080122 111 190 106
0.00344518 0.0192339 111 190 106
0.0921181 -0.0465899 111 190 106
-0.208643 -0.00396595 111 190 106
-0.0972759 -0.130966 111 190 106
-0.0131197 0.147216 111 190 106
-0.130636 -0.0875763 111 190 106
-0.139439 0.0793039 111 190 106
-0.0157937 0.0600801 111 190 106
-0.288182 0.111507 111 190 106
-0.223265 -0.0650726 111 190 106
-0.0281022 -0.143625 111 190 106
0.0745518 -0.113155 111 190 106
0.105649 0.0234552 111 190 106
-0.127341 -0.0494792 111 190 106
-0.0815524 -0.0934403 111 190 106
-0.236184 0.0295293 111 190 106
-0.0138609 -0.0523085 111 190 106
-0.289534 -0.101873 111 190 106
0.00601901 -0.0542213 111 190 106
-0.107471 0.00133198 111 190 106
0.143956 -0.00456184 111 190 106
-0.000350472 0.176635 111 190 106
-0.309384 -0.201087 111 190 106
-0.114442 -0.0243065 111 190 106
-0.219419 0.106415 111 190 106
0.125027 0.0677316 111 190 106
-0.0565249 0.118353 111 190 106
-0.0711867 0.0498598 111 190 106
-0.161362 0.00453679 111 190 106
0.0649775 -0.14663 111 190 106
-0.424757 -0.00383073 111 190 106
-0.296725 0.1435 111 190 106
-0.0803204 -0.149429 111 190 106
-0.0864497 -0.0247822 111 190 106
-0.329334 0.0790286 111 190 106
-0.17348 -0.0592039 111 190 106
-0.369093 0.0431046 111 190 106
0.0617927 0.150506 111 190 106
0.131507 -0.0589233 111 190 106
-0.218147 -0.128693 111 190 106
0.0697847 -0.0125739 111 190 106
-0.0105558 0.0751627 111 190 106
0.0223435 0.0618578 111 190 106
0.185649 0.0258838 111 190 106
-0.107001 -0.0694041 111 190 106
-0.266229 0.0653981 111 190 106
-0.238358 -0.127767 111 190 106
0.182514 -0.0794241 111 190 106
-0.117907 0.195188 111 190 106
-0.0138308 -0.0215323 111 190 106
0.123916 -0.123966 111 190 106
-0.0202704 -0.0708062 111 190 106
-0.0107662 0.0485779 111 190 106
0.315259 -0.0171838 111 190 106
0 0 0 0 0
-0.637757 -0.235073 38 71 67
0.131037 -0.252193 134 61 4
-0.630816 0.431157 182 53 67
-0.718428 0.426114 182 53 67
-0.596054 0.569675 182 53 67
-0.587421 0.567727 182 53 67
-0.796795 0.476855 182 53 67
-0.582273 0.332899 182 53 67
-0.761562 0.413325 182 53 67
-0.412749 0.364657 182 53 67
-0.652318 0.505013 182 53 67
-0.714071 0.362839 182 53 67
-0.613761 0.419199 182 53 67
-0.557717 0.333035 182 53 67
-0.712839 0.436169 182 53 67
-0.987972 0.424201 182 53 67
-0.549124 0.469529 182 53 67
-0.550145 0.430601 182 53 67
-0.630806 0.232123 182 53 67
-0.447561 0.497762 182 53 67
-0.515303 0.478498 182 53 67
-0.604407 0.308823 182 53 67
-0.784817 0.502879 182 53 67
-0.555343 0.420821 182 53 67
-0.804817 0.37342 182 53 67
-0.709214 0.406705 182 53 67
-0.503325 0.318092 182 53 67
-0.729715 0.513085 182 53 67
-0.695183 0.554712 182 53 67
-0.355263 0.49302 182 53 67
-0.521282 0.529184 182 53 67
-0.604737 0.537111 182 53 67
-0.555503 0.640881 182 53 67
-0.516545 0.455253 182 53 67
-0.767681 0.514016 182 53 67
-0.785008 0.49315 182 53 67
-0.495413 0.504392 182 53 67
-0.541462 0.610741 182 53 67
-0.844587 0.427291 182 53 67
-0.547451 0.356765 182 53 67
-0.698298 0.635173 182 53 67
-0.597667 0.4566 182 53 67
-0.75983 0.541352 182 53 67
-0.537717 0.44977 182 53 67
-0.552819 0.466294 182 53 67
-0.758197 0.494377 182 53 67
-0.649254 0.531122 182 53 67
-0.649484 0.602449 182 53 67
-0.761182 0.547496 182 53 67
-0.567571 0.655238 182 53 67
-0.702324 0.414637 182 53 67
-0.879559 0.492474 182 53 67
-0.668723 0.422954 182 53 67
-0.576775 0.509429 182 53 67
-0.672799 0.487506 182 53 67
-0.789795 0.484647 182 53 67
-0.80641 0.489104 182 53 67
-0.451958 0.738002 182 53 67
-0.452379 0.443035 182 53 67
-0.682624 0.583721 182 53 67
-0.73981 0.499514 182 53 67
-0.755814 0.475979 182 53 67
-0.73298 0.568683 182 53 67
-0.604347 0.45314 182 53 67
-0.805939 0.619579 182 53 67
-0.728673 0.447396 182 53 67
-1.06307 0.557421 182 53 67
-0.764927 0.551292 182 53 67
-0.602333 0.658247 182 53 67
-0.538257 0.395188 182 53 67
-0.835393 0.65332 182 53 67
-0.529294 0.511713 182 53 67
-0.348393 0.49306 182 53 67
-0.867752 0.557031 182 53 67
-0.523195 0.379875 182 53 67
-0.389444 0.555033 182 53 67
-0.737306 0.518102 182 53 67
-0.901482 0.539079 182 53 67
-0.661703 0.671898 182 53 67
-0.464547 0.54334 182 53 67
-0.677927 0.264557 182 53 67
-0.50012 0.545794 182 53 67
-0.506339 0.459259 182 53 67
-0.698588 0.56007 182 53 67
-0.610826 0.377481 182 53 67
-0.444988 0.442143 182 53 67
-0.704947 0.474286 182 53 67
-0.46683 0.557241 182 53 67
-0.828483 0.447411 182 53 67
-0.386991 0.375578 182 53 67
-0.878638 0.449815 182 53 67
-0.845909 0.592123 182 53 67
-0.748372 0.387481 182 53 67
-0.765198 0.569364 182 53 67
-0.640651 0.391773 182 53 67
-0.729384 0.421197 182 53 67
-0.51352 0.505473 182 53 67
-0.85998 0.545318 182 53 67
-0.602844 0.302579 182 53 67
-0.97361 0.58645 182 53 67
-0.758979 0.610631 182 53 67
-0.464517 0.588072 182 53 67
-0.876345 0.421162 182 53 67
-0.612048 0.380871 182 53 67
-0.562333 0.405408 182 53 67
-0.909474 0.248618 182 53 67
-0.62015 0.342389 182 53 67
-0.468152 0.46359 182 53 67
-0.441242 0.470896 182 53 67
-0.731938 0.510876 182 53 67
-0.491537 0.620811 182 53 67
-0.656355 0.47366 182 53 67
-0.349775 0.441888 182 53 67
-0.342564 0.408828 182 53 67
-0.845108 0.360531 182 53 67
-0.328002 0.581648 182 53 67
-0.676455 0.441873 182 53 67
-0.891547 0.535984 182 53 67
-0.526981 0.711688 182 53 67
-0.686089 0.38688 182 53 67
-0.945208 0.480906 182 53 67
-0.625859 0.377977 182 53 67
-0.561452 0.601442 182 53 67
-0.725468 0.494106 182 53 67
-0.607171 0.555568 182 53 67
-0.468513 0.319875 182 53 67
-0.552388 0.370205 182 53 67
-0.889484 0.275739 182 53 67
-0.690996 0.444246 182 53 67
-0.664517 0.581007 182 53 67
-0.784777 0.452414 182 53 67
-0.407551 0.48342 182 53 67
-0.723055 0.588433 182 53 67
-0.618848 0.399634 182 53 67
-0.851477 0.553145 182 53 67
-0.748263 0.379074 182 53 67
-0.87306 0.378317 182 53 67
-0.590426 0.527802 182 53 67
-0.637827 0.472233 182 53 67
-0.661953 0.589775 182 53 67
-0.590896 0.499564 182 53 67
-0.509594 0.414126 182 53 67
-0.536695 0.394251 182 53 67
-0.707832 0.464732 182 53 67
-0.781753 0.425413 182 53 67
-0.696695 0.405528 182 53 67
-0.548863 0.609905 182 53 67
-0.689434 0.518523 182 53 67
-0.643766 0.385463 182 53 67
-0.420841 0.461577 182 53 67
-0.452689 0.310356 182 53 67
-0.666189 0.623215 182 53 67
-0.661903 0.497451 182 53 67
-0.7933 0.371948 182 53 67
-0.836194 0.389389 182 53 67
-0.569214 0.395113 182 53 67
-0.91312 0.533831 182 53 67
-0.494532 0.439384 182 53 67
-0.704136 0.3136 182 53 67
-0.938428 0.273686 182 53 67
-0.776194 0.520521 182 53 67
-0.863786 0.474206 182 53 67
-0.730616 0.407261 182 53 67
-0.384306 0.549184 182 53 67
-0.784737 0.480676 182 53 67
-0.655473 0.465483 182 53 67
-0.698818 0.325263 182 53 67
-0.512539 0.51646 182 53 67
-0.466991 0.346214 182 53 67
-0.719209 0.485193 182 53 67
-0.452379 0.486435 182 53 67
-0.431547 0.59667 182 53 67
-0.915093 0.602243 182 53 67
-0.65351 0.584467 182 53 67
-0.581542 0.470651 182 53 67
-0.718658 0.408999 182 53 67
-0.444907 0.64659 182 53 67
-0.448162 0.368728 182 53 67
-0.480661 0.37651 182 53 67
-0.739259 0.451377 182 53 67
-0.704527 0.497536 182 53 67
-0.689695 0.47644 182 53 67
-0.837737 0.448097 182 53 67
-0.504978 0.441698 182 53 67
-0.663335 0.321988 182 53 67
-0.340631 0.455088 182 53 67
-0.630025 0.561572 182 53 67
-0.47318 0.464807 182 53 67
-0.697466 0.410771 182 53 67
-0.584126 0.445378 182 53 67
-0.62008 0.338428 182 53 67
-0.672238 0.555428 182 53 67
-0.564206 0.589023 182 53 67
-0.542714 0.457586 182 53 67
-0.831678 0.357321 182 53 67
-0.651157 0.485659 182 53 67
-0.695794 0.604171 182 53 67
-0.83996 0.353275 182 53 67
-0.714942 0.531963 182 53 67
-0.798959 0.381352 182 53 67
-0.408633 0.544882 182 53 67
-0.702594 0.479965 182 53 67
-0.684276 0.464442 182 53 67
-0.564727 0.594306 182 53 67
-0.737276 0.591728 182 53 67
-0.936234 0.32325 182 53 67
-0.65349 0.588177 182 53 67
-0.803896 0.363335 182 53 67
-0.505658 0.358508 182 53 67
-0.547221 0.410646 182 53 67
-0.66016 0.444732 182 53 67
-0.630886 0.433175 182 53 67
-0.479699 0.734051 182 53 67
-0.608172 0.398693 182 53 67
-0.621102 0.466129 182 53 67
-0.522323 0.403545 182 53 67
-0.703686 0.633345 182 53 67
-0.655183 0.461688 182 53 67
-0.7133 0.505223 182 53 67
-1.05111 0.390766 182 53 67
-0.649404 0.601893 182 53 67
-0.364707 0.435859 182 53 67
-0.541973 0.610831 182 53 67
-0.519509 0.527201 182 53 67
-0.717266 0.57326 182 53 67
-0.623485 0.641898 182 53 67
-0.869965 0.420045 182 53 67
-0.644647 0.526164 182 53 67
-0.754902 0.320195 182 53 67
-0.767161 0.412043 182 53 67
-0.505068 0.454872 182 53 67
-0.350526 0.585578 182 53 67
-0.661773 0.564822 182 53 67
-0.555784 0.427226 182 53 67
-0.629925 0.497281 182 53 67
-0.705038 0.37676 182 53 67
-0.445328 0.338798 182 53 67
-0.730035 0.567006 182 53 67
-0.776595 0.435714 182 53 67
-0.665879 0.440451 182 53 67
-0.742323 0.44341 182 53 67
-0.461642 0.46321 182 53 67
-0.824928 0.535233 182 53 67
-0.881182 0.31978 182 53 67
-0.717757 0.554772 182 53 67
-0.562494 0.470951 182 53 67
-0.580821 0.404472 182 53 67
0 0 0 0 0
-1.11587 0.470205 101 32 122
-1.027 0.685809 165 193 172
-0.209585 0.355178 57 101 76
-1.19333 0.303806 120 206 90
-0.229284 0.609604 34 112 207
0.307771 0.451437 178 224 59
0.610307 0.432352 178 224 59
0.551742 0.566295 178 224 59
0.449819 0.575731 178 224 59
0.49296 0.499645 178 224 59
0.50029 0.632746 178 224 59
0.517661 0.412017 178 224 59
0.498165 0.671766 178 224 59
0.391154 0.364314 178 224 59
0.495191 0.449981 178 224 59
0.638811 0.557662 178 224 59
0.535521 0.54773 178 224 59
0.331778 0.240714 178 224 59
0.588064 0.433789 178 224 59
0.756445 0.583574 178 224 59
0.756512 0.537263 178 224 59
0.43472 0.395955 178 224 59
0.311796 0.284985 178 224 59
0.531867 0.431477 178 224 59
0.338445 0.325585 178 224 59
0.713987 0.7605 178 224 59
0.653421 0.570898 178 224 59
0.498696 0.441944 178 224 59
0.543941 0.395481 178 224 59
0.39945 0.279663 178 224 59
0.712075 0.595425 178 224 59
0.355356 0.385382 178 224 59
0.670286 0.437808 178 224 59
0.63896 0.51957 178 224 59
0.943501 0.708311 178 224 59
0.348214 0.399592 178 224 59
0.26158 0.227234 178 224 59
0.531265 0.3271 178 224 59
0.752865 0.726946 178 224 59
0.631942 0.408635 178 224 59
0.534523 0.493633 178 224 59
0.749803 0.596774 178 224 59
0.446912 0.410632 178 224 59
0.537122 0.574329 178 224 59
0.688535 0.547256 178 224 59
0.50307 0.549802 178 224 59
0.633727 0.672499 178 224 59
0.385056 0.363061 178 224 59
0.53556 0.504889 178 224 59
0.611062 0.490701 178 224 59
0.532837 0.593032 178 224 59
0.683249 0.562867 178 224 59
0.504341 0.456794 178 224 59
0.865054 0.736294 178 224 59
0.818697 0.81687 178 224 59
0.435609 0.597985 178 224 59
0.330581 0.311538 178 224 59
0.485634 0.488927 178 224 59
0.583007 0.523642 178 224 59
0.71227 0.524385 178 224 59
0.448693 0.563912 178 224 59
0.585408 0.724061 178 224 59
0.713378 0.462488 178 224 59
0.854035 0.757171 178 224 59
0.637097 0.582165 178 224 59
0.824914 0.785583 178 224 59
0.681531 0.477381 178 224 59
0.729659 0.674676 178 224 59
0.5314 0.65067 178 224 59
0.387606 0.509411 178 224 59
0.777031 0.550141 178 224 59
0.252661 0.27091 178 224 59
0.598651 0.697929 178 224 59
0.801998 0.79452 178 224 59
0.704186 0.37238 178 224 59
0.474509 0.217876 178 224 59
0.464747 0.457934 178 224 59
0.447414 0.478397 178 224 59
0.649848 0.523581 178 224 59
0.618172 0.453976 178 224 59
0.576694 0.455668 178 224 59
0.441951 0.260079 178 224 59
0.407704 0.494086 178 224 59
0.686758 0.660102 178 224 59
0.454808 0.567244 178 224 59
0.460239 0.293657 178 224 59
0.542284 0.525529 178 224 59
0.318846 0.557676 178 224 59
0.51497 0.555647 178 224 59
0.484965 0.498732 178 224 59
0.661706 0.562895 178 224 59
0.727492 0.771781 178 224 59
0.341493 0.449567 178 224 59
0.645376 0.812001 178 224 59
0.644923 0.421205 178 224 59
0.633188 0.509861 178 224 59
0.418029 0.478152 178 224 59
0.528652 0.803138 178 224 59
0.712889 0.632144 178 224 59
0.467877 0.46901 178 224 59
0.588836 0.616037 178 224 59
0.698081 0.632193 178 224 59
0.455271 0.449663 178 224 59
0.623823 0.438608 178 224 59
0.486626 0.69482 178 224 59
0.569552 0.445701 178 224 59
0.445325 0.557478 178 224 59
0.546349 0.631315 178 224 59
0.317377 0.475072 178 224 59
0.488141 0.396115 178 224 59
0.681687 0.47857 178 224 59
0.732729 0.572704 178 224 59
0.65812 0.69129 178 224 59
0.544943 0.474969 178 224 59
0.608406 0.476261 178 224 59
0.412112 0.453873 178 224 59
0.627187 0.553211 178 224 59
0.467303 0.323233 178 224 59
0.642596 0.565916 178 224 59
0.523064 0.524948 178 224 59
0.705018 0.698567 178 224 59
0.474853 0.724652 178 224 59
0.523422 0.239043 178 224 59
0.536265 0.50189 178 224 59
0.369601 0.520094 178 224 59
0.640514 0.736301 178 224 59
0.476343 0.643719 178 224 59
0.514407 0.58492 178 224 59
0.482692 0.489108 178 224 59
0.749629 0.542263 178 224 59
0.30236 0.296943 178 224 59
0.288714 0.491654 178 224 59
0.648867 0.437543 178 224 59
0.556395 0.521347 178 224 59
0.311244 0.423007 178 224 59
0.519194 0.435468 178 224 59
0.308532 0.369491 178 224 59
0.53727 0.750118 178 224 59
0.734655 0.651325 178 224 59
0.536746 0.354747 178 224 59
0.658236 0.640454 178 224 59
0.539388 0.645684 178 224 59
0.572059 0.659539 178 224 59
0.712971 0.749576 178 224 59
0.573415 0.475263 178 224 59
0.365504 0.457991 178 224 59
0.5218 0.341111 178 224 59
0.785218 0.672895 178 224 59
0.378609 0.654646 178 224 59
0.605446 0.574995 178 224 59
0.775279 0.599964 178 224 59
0.635734 0.535599 178 224 59
0.558037 0.626737 178 224 59
0.694587 0.848748 178 224 59
0 0 0 0 0
0.870984 0.514329 60 137 173
-0.148563 1.29223 198 161 211
-0.167648 0.989693 198 161 211
-0.0337054 1.04826 198 161 211
-0.0242689 1.15018 198 161 211
-0.100355 1.10704 198 161 211
0.0327456 1.09971 198 161 211
-0.187984 1.08234 198 161 211
0.0717657 1.10183 198 161 211
-0.235686 1.20885 198 161 211
-0.150019 1.10481 198 161 211
-0.0423378 0.961189 198 161 211
-0.05227 1.06448 198 161 211
-0.359286 1.26822 198 161 211
-0.166211 1.01194 198 161 211
-0.0164259 0.843555 198 161 211
-0.0627366 0.843488 198 161 211
-0.204045 1.16528 198 161 211
-0.315015 1.2882 198 161 211
-0.168523 1.06813 198 161 211
-0.274415 1.26155 198 161 211
0.1605 0.886013 198 161 211
-0.0291022 0.946579 198 161 211
-0.158056 1.1013 198 161 211
-0.204519 1.05606 198 161 211
-0.320337 1.20055 198 161 211
-0.00457475 0.887925 198 161 211
-0.214618 1.24464 198 161 211
-0.162192 0.929714 198 161 211
-0.0804302 0.96104 198 161 211
0.108311 0.656499 198 161 211
-0.200408 1.25179 198 161 211
-0.372766 1.33842 198 161 211
-0.2729 1.06873 198 161 211
0.126946 0.847135 198 161 211
-0.191365 0.968058 198 161 211
-0.106367 1.06548 198 161 211
-0.00322562 0.850197 198 161 211
-0.189368 1.15309 198 161 211
-0.0256711 1.06288 198 161 211
-0.0527444 0.911465 198 161 211
-0.0501985 1.09693 198 161 211
0.0724989 0.966274 198 161 211
-0.236939 1.21494 198 161 211
-0.0951107 1.06444 198 161 211
-0.109299 0.988938 198 161 211
-0.00696846 1.06716 198 161 211
-0.0371329 0.916751 198 161 211
-0.143206 1.09566 198 161 211
0.136294 0.734946 198 161 211
0.21687 0.781303 198 161 211
-0.0020148 1.16439 198 161 211
-0.288462 1.26942 198 161 211
-0.111073 1.11437 198 161 211
-0.0763583 1.01699 198 161 211
-0.0756148 0.88773 198 161 211
-0.0360883 1.15131 198 161 211
0.124061 1.01459 198 161 211
-0.137512 0.886622 198 161 211
0.157171 0.745965 198 161 211
-0.0178352 0.962903 198 161 211
0.185583 0.775086 198 161 211
-0.122619 0.918469 198 161 211
0.0746763 0.870341 198 161 211
0.0506695 1.0686 198 161 211
-0.0905891 1.21239 198 161 211
-0.0498587 0.822969 198 161 211
-0.32909 1.34734 198 161 211
0.0979291 1.00135 198 161 211
0.19452 0.798002 198 161 211
-0.22762 0.895814 198 161 211
-0.382124 1.12549 198 161 211
-0.142066 1.13525 198 161 211
-0.121603 1.15259 198 161 211
-0.0764186 0.950152 198 161 211
-0.146024 0.981828 198 161 211
-0.144332 1.02331 198 161 211
-0.339921 1.15805 198 161 211
-0.105914 1.1923 198 161 211
0.0601023 0.913242 198 161 211
-0.0327563 1.14519 198 161 211
-0.306343 1.13976 198 161 211
-0.0744711 1.05772 198 161 211
-0.0423238 1.28115 198 161 211
-0.0443527 1.08503 198 161 211
-0.101268 1.11503 198 161 211
-0.0371045 0.938294 198 161 211
0.171781 0.872508 198 161 211
-0.150433 1.25851 198 161 211
0.212001 0.954624 198 161 211
-0.178795 0.955077 198 161 211
-0.0901392 0.966812 198 161 211
-0.121848 1.18197 198 161 211
0.203138 1.07135 198 161 211
0.0321439 0.887111 198 161 211
-0.13099 1.13212 198 161 211
0.0160365 1.01116 198 161 211
0.0321934 0.901919 198 161 211
-0.150337 1.14473 198 161 211
-0.161392 0.976177 198 161 211
0.0948203 1.11337 198 161 211
-0.154299 1.03045 198 161 211
-0.0425221 1.15467 198 161 211
0.0313152 1.05365 198 161 211
-0.124928 1.28262 198 161 211
-0.203885 1.11186 198 161 211
-0.12143 0.918313 198 161 211
-0.0272964 0.867271 198 161 211
0.0912902 0.94188 198 161 211
-0.125031 1.05506 198 161 211
-0.123739 0.991594 198 161 211
-0.146127 1.18789 198 161 211
-0.0467888 0.972813 198 161 211
-0.276767 1.1327 198 161 211
-0.0340842 0.957404 198 161 211
-0.0750519 1.07694 198 161 211
0.0985666 0.894982 198 161 211
0.124652 1.12515 198 161 211
-0.360957 1.07658 198 161 211
-0.0981098 1.06374 198 161 211
-0.0799064 1.2304 198 161 211
0.136301 0.959486 198 161 211
0.0437187 1.12366 198 161 211
-0.0150805 1.08559 198 161 211
-0.110892 1.11731 198 161 211
-0.057737 0.850371 198 161 211
-0.303057 1.29764 198 161 211
-0.108346 1.31129 198 161 211
-0.162457 0.951133 198 161 211
-0.0786528 1.04361 198 161 211
-0.176993 1.28876 198 161 211
-0.164533 1.08081 198 161 211
-0.230509 1.29147 198 161 211
0.150118 1.06273 198 161 211
0.0513246 0.865345 198 161 211
-0.245253 1.06325 198 161 211
0.0404542 0.941764 198 161 211
0.045684 1.06061 198 161 211
0.0595393 1.02794 198 161 211
0.149576 0.887029 198 161 211
-0.124737 1.02658 198 161 211
-0.142009 1.2345 198 161 211
-0.258889 1.0782 198 161 211
0.0728954 0.814782 198 161 211
0.054646 1.22139 198 161 211
-0.0250055 0.994554 198 161 211
-3.54946e-05 0.824721 198 161 211
-0.0644008 0.964266 198 161 211
0.0267369 1.04196 198 161 211
0 0 0 0 0
-0.617184 1.28474 154 91 98
-0.0856706 0.729016 163 94 184
0.379053 1.1953 198 119 193
0.618604 1.38107 198 119 193
0.486093 1.4428 198 119 193
0.403401 1.38248 198 119 193
0.486079 1.35394 198 119 193
0.403553 1.45862 198 119 193
0.562559 1.30454 198 119 193
0.376154 1.48648 198 119 193
0.499215 1.1851 198 119 193
0.520597 1.31816 198 119 193
0.557111 1.49391 198 119 193
0.486203 1.41815 198 119 193
0.536419 1.05312 198 119 193
0.600968 1.36743 198 119 193
0.628211 1.59114 198 119 193
0.658888 1.55645 198 119 193
0.510969 1.23764 198 119 193
0.492154 1.07311 198 119 193
0.560345 1.32853 198 119 193
0.485292 1.12119 198 119 193
0.479356 1.69577 198 119 193
0.559317 1.5135 198 119 193
0.528542 1.31445 198 119 193
0.593208 1.30952 198 119 193
0.561421 1.12709 198 119 193
0.587091 1.57069 198 119 193
0.45843 1.17723 198 119 193
0.659984 1.42482 198 119 193
0.582415 1.46544 198 119 193
0.686026 1.80841 198 119 193
0.443676 1.18316 198 119 193
0.49268 0.996583 198 119 193
0.628922 1.24984 198 119 193
0.530708 1.69632 198 119 193
0.650516 1.37758 198 119 193
0.521231 1.37691 198 119 193
0.614498 1.59665 198 119 193
0.510407 1.25671 198 119 193
0.469813 1.43916 198 119 193
0.601291 1.51899 198 119 193
0.460492 1.39824 198 119 193
0.477352 1.57669 198 119 193
0.495471 1.18012 198 119 193
0.514565 1.38604 198 119 193
0.580581 1.42533 198 119 193
0.454231 1.45036 198 119 193
0.587001 1.5272 198 119 193
0.522955 1.32932 198 119 193
0.608677 1.77752 198 119 193
0.520617 1.8073 198 119 193
0.378025 1.38977 198 119 193
0.488683 1.10545 198 119 193
0.487672 1.34105 198 119 193
0.537753 1.43149 198 119 193
0.634219 1.51753 198 119 193
0.410373 1.37287 198 119 193
0.407009 1.58341 198 119 193
0.675986 1.47183 198 119 193
0.586605 1.78589 198 119 193
0.539621 1.51116 198 119 193
0.545972 1.78795 198 119 193
0.642248 1.46194 198 119 193
0.547869 1.64176 198 119 193
0.415034 1.49264 198 119 193
0.400596 1.29159 198 119 193
0.665763 1.57968 198 119 193
0.457105 1.02345 198 119 193
0.434224 1.57256 198 119 193
0.522873 1.7795 198 119 193
0.728682 1.39817 198 119 193
0.658584 1.13038 198 119 193
0.492502 1.30399 198 119 193
0.465968 1.30788 198 119 193
0.587929 1.47565 198 119 193
0.610202 1.40249 198 119 193
0.577971 1.37633 198 119 193
0.606252 1.14051 198 119 193
0.425806 1.29338 198 119 193
0.525328 1.60246 198 119 193
0.412756 1.37941 198 119 193
0.597764 1.17779 198 119 193
0.505959 1.40597 198 119 193
0.3171 1.28232 198 119 193
0.465552 1.4105 198 119 193
0.480686 1.34796 198 119 193
0.570824 1.51298 198 119 193
0.482025 1.71317 198 119 193
0.405585 1.2162 198 119 193
0.393831 1.68903 198 119 193
0.65194 1.3956 198 119 193
0.584507 1.45434 198 119 193
0.444088 1.28826 198 119 193
0.31214 1.60519 198 119 193
0.563419 1.59877 198 119 193
0.487525 1.31437 198 119 193
0.48102 1.50465 198 119 193
0.552279 1.58901 198 119 193
0.490865 1.29152 198 119 193
0.624604 1.3947 198 119 193
0.352251 1.49614 198 119 193
0.579206 1.36413 198 119 193
0.412102 1.36581 198 119 193
0.439047 1.48801 198 119 193
0.370628 1.21938 198 119 193
0.550933 1.27309 198 119 193
0.641579 1.46294 198 119 193
0.61761 1.5673 198 119 193
0.483221 1.60691 198 119 193
0.54139 1.3698 198 119 193
0.588138 1.41274 198 119 193
0.455707 1.26613 198 119 193
0.551336 1.48288 198 119 193
0.583502 1.20464 198 119 193
0.554492 1.5026 198 119 193
0.491926 1.39282 198 119 193
0.513587 1.64339 198 119 193
0.323691 1.51073 198 119 193
0.681275 1.17861 198 119 193
0.517077 1.38426 198 119 193
0.380025 1.28769 198 119 193
0.440248 1.62903 198 119 193
0.378334 1.45101 198 119 193
0.445771 1.43208 198 119 193
0.485346 1.33924 198 119 193
0.650419 1.55565 198 119 193
0.477167 1.07584 198 119 193
0.338162 1.21287 198 119 193
0.644094 1.41046 198 119 193
0.519308 1.41217 198 119 193
0.40046 1.17627 198 119 193
0.5482 1.32315 198 119 193
0.433818 1.13434 198 119 193
0.353669 1.57112 198 119 193
0.56706 1.62755 198 119 193
0.614749 1.27421 198 119 193
0.516928 1.56886 198 119 193
0.424323 1.49418 198 119 193
0.439666 1.52618 198 119 193
0.485818 1.68691 198 119 193
0.562553 1.38885 198 119 193
0.418024 1.2384 198 119 193
0.612557 1.25409 198 119 193
0.590721 1.67717 198 119 193
0.297798 1.39457 198 119 193
0.520622 1.48485 198 119 193
0.631498 1.61589 198 119 193
0.569395 1.47533 198 119 193
0.450842 1.4923 198 119 193
0 0 0 0 0
0.759919 1.61495 51 138 23
