-0.311688 0.101587 191 194 224
-0.111257 -0.125834 191 194 224
-0.057957 0.0102904 191 194 224
-0.123355 0.0890336 191 194 224
-0.14665 0.0047271 191 194 224
-0.0473511 0.0936605 191 194 224
-0.191147 -0.0747021 191 194 224
-0.021262 0.122754 191 194 224
-0.314331 -0.0189784 191 194 224
-0.18019 -0.031968 191 194 224
-0.00249373 -0.0573811 191 194 224
-0.0825538 0.00863295 191 194 224
-0.443715 -0.0643916 191 194 224
-0.125969 -0.109089 191 194 224
0.0990086 -0.122238 191 194 224
0.0663095 -0.155032 191 194 224
-0.261152 -0.0274112 191 194 224
-0.42654 -0.0189584 191 194 224
-0.167341 -0.0709865 191 194 224
-0.378988 -0.00909356 191 194 224
0.194091 0.0328893 191 194 224
0.0171958 -0.0583525 191 194 224
-0.183395 -0.0401302 191 194 224
-0.184256 -0.104978 191 194 224
-0.368323 -0.0847021 191 194 224
0.0760141 -0.0824838 191 194 224
-0.324747 0.0212319 191 194 224
-0.0649875 -0.164387 191 194 224
-0.029324 -0.0844216 191 194 224
0.319479 -0.166304 191 194 224
-0.31975 0.0363295 191 194 224
-0.502884 -0.0242864 191 194 224
-0.241572 -0.144367 191 194 224
0.197857 -0.0183275 191 194 224
-0.112729 -0.157902 191 194 224
-0.121512 -0.0289133 191 194 224
0.103646 -0.108207 191 194 224
-0.242153 -0.0256535 191 194 224
-0.0626138 0.0263094 191 194 224
0.025308 -0.0998999 191 194 224
-0.104036 0.0330445 191 194 224
-0.637757 -0.235073 191 194 224
0.0751127 0.0274162 191 194 224
-0.319529 -0.0155533 191 194 224
-0.112819 -0.0216875 191 194 224
-0.0694642 -0.0851078 191 194 224
-0.0524187 0.0425638 191 194 224
0.0326089 -0.0851228 191 194 224
-0.168903 -0.0336204 191 194 224
0.283796 -0.0910465 191 194 224
0.307992 -0.00129194 191 194 224
-0.117667 0.114817 191 194 224
-0.394482 -0.0134652 191 194 224
-0.159409 0.00232851 191 194 224
-0.066009 -0.0419779 191 194 224
0.0259189 -0.132854 191 194 224
-0.132509 0.0814722 191 194 224
0.0774062 0.098042 191 194 224
-0.0170657 -0.177406 191 194 224
0.290766 -0.0684927 191 194 224
0.0136204 -0.0388432 191 194 224
0.290265 -0.0278117 191 194 224
-0.0290536 -0.144356 191 194 224
0.144487 -0.0388783 191 194 224
-0.012679 0.0843365 191 194 224
-0.214241 0.0861292 191 194 224
0.0899247 -0.160436 191 194 224
-0.478307 0.0129044 191 194 224
0.0682924 0.0702003 191 194 224
0.280381 -0.00528794 191 194 224
-0.0872811 -0.234622 191 194 224
-0.358938 -0.181467 191 194 224
-0.196094 -0.00481725 191 194 224
-0.193881 0.0219079 191 194 224
-0.0187882 -0.0892839 191 194 224
-0.0904056 -0.116104 191 194 224
-0.118538 -0.0855784 191 194 224
-0.352118 -0.128603 191 194 224
-0.210866 0.0610816 191 194 224
0.103846 -0.0188482 191 194 224
-0.125829 0.0795042 191 194 224
-0.315443 -0.117792 191 194 224
-0.0934702 -0.0118478 191 194 224
-0.228733 0.168878 191 194 224
-0.0914872 0.0287631 191 194 224
-0.152949 0.00973462 191 194 224
0.0173961 -0.0698698 191 194 224
0.211617 0.031317 191 194 224
-0.289164 0.0764196 191 194 224
0.181993 0.117822 191 194 224
-0.094662 -0.158192 191 194 224
-0.0402704 -0.0872057 191 194 224
-0.214832 0.0425137 191 194 224
0.0931899 0.194091 191 194 224
0.102554 -0.0570956 191 194 224
-0.186049 0.00080122 191 194 224
0.00344518 0.0192339 191 194 224
0.0921181 -0.0465899 191 194 224
-0.208643 -0.00396595 191 194 224
-0.0972759 -0.130966 191 194 224
-0.0131197 0.147216 191 194 224
-0.130636 -0.0875763 191 194 224
-0.139439 0.0793039 191 194 224
-0.0157937 0.0600801 191 194 224
-0.288182 0.111507 191 194 224
-0.223265 -0.0650726 191 194 224
-0.0281022 -0.143625 191 194 224
0.0745518 -0.113155 191 194 224
0.105649 0.0234552 191 194 224
-0.127341 -0.0494792 191 194 224
-0.0815524 -0.0934403 191 194 224
-0.236184 0.0295293 191 194 224
-0.0138609 -0.0523085 191 194 224
-0.289534 -0.101873 191 194 224
0.00601901 -0.0542213 191 194 224
-0.107471 0.00133198 191 194 224
0.143956 -0.00456184 191 194 224
-0.000350472 0.176635 191 194 224
-0.309384 -0.201087 191 194 224
-0.114442 -0.0243065 191 194 224
-0.219419 0.106415 191 194 224
0.125027 0.0677316 191 194 224
-0.0565249 0.118353 191 194 224
-0.0711867 0.0498598 191 194 224
-0.161362 0.00453679 191 194 224
0.0649775 -0.14663 191 194 224
-0.424757 -0.00383073 191 194 224
-0.296725 0.1435 191 194 224
-0.0803204 -0.149429 191 194 224
-0.0864497 -0.0247822 191 194 224
-0.329334 0.0790286 191 194 224
-0.17348 -0.0592039 191 194 224
-0.369093 0.0431046 191 194 224
0.0617927 0.150506 191 194 224
0.131507 -0.0589233 191 194 224
-0.218147 -0.128693 191 194 224
0.0697847 -0.0125739 191 194 224
-0.0105558 0.0751627 191 194 224
0.0223435 0.0618578 191 194 224
0.185649 0.0258838 191 194 224
-0.107001 -0.0694041 191 194 224
-0.266229 0.0653981 191 194 224
-0.238358 -0.127767 191 194 224
0.182514 -0.0794241 191 194 224
-0.117907 0.195188 191 194 224
-0.0138308 -0.0215323 191 194 224
0.123916 -0.123966 191 194 224
0.131037 -0.252193 191 194 224
-0.0202704 -0.0708062 191 194 224
-0.0107662 0.0485779 191 194 224
0.315259 -0.0171838 191 194 224
-0.0847356 -0.0243474 0 0 0
-0.148563 1.29223 115 132 137
-0.167648 0.989693 115 132 137
-0.0337054 1.04826 115 132 137
-0.0242689 1.15018 115 132 137
-0.100355 1.10704 115 132 137
0.0327456 1.09971 115 132 137
-0.187984 1.08234 115 132 137
0.0717657 1.10183 115 132 137
-0.235686 1.20885 115 132 137
-0.150019 1.10481 115 132 137
-0.0423378 0.961189 115 132 137
-0.05227 1.06448 115 132 137
-0.359286 1.26822 115 132 137
-0.166211 1.01194 115 132 137
-0.0164259 0.843555 115 132 137
-0.0627366 0.843488 115 132 137
-0.204045 1.16528 115 132 137
-0.315015 1.2882 115 132 137
-0.168523 1.06813 115 132 137
-0.274415 1.26155 115 132 137
0.1605 0.886013 115 132 137
-0.0291022 0.946579 115 132 137
-0.158056 1.1013 115 132 137
-0.204519 1.05606 115 132 137
-0.320337 1.20055 115 132 137
-0.00457475 0.887925 115 132 137
-0.214618 1.24464 115 132 137
-0.162192 0.929714 115 132 137
-0.0804302 0.96104 115 132 137
0.108311 0.656499 115 132 137
-0.200408 1.25179 115 132 137
-0.372766 1.33842 115 132 137
-0.2729 1.06873 115 132 137
0.126946 0.847135 115 132 137
-0.191365 0.968058 115 132 137
-0.106367 1.06548 115 132 137
-0.00322562 0.850197 115 132 137
-0.189368 1.15309 115 132 137
-0.0256711 1.06288 115 132 137
-0.0527444 0.911465 115 132 137
-0.0501985 1.09693 115 132 137
-0.617184 1.28474 115 132 137
0.0724989 0.966274 115 132 137
-0.236939 1.21494 115 132 137
-0.0951107 1.06444 115 132 137
-0.109299 0.988938 115 132 137
-0.00696846 1.06716 115 132 137
-0.0371329 0.916751 115 132 137
-0.143206 1.09566 115 132 137
0.136294 0.734946 115 132 137
0.21687 0.781303 115 132 137
-0.0020148 1.16439 115 132 137
-0.288462 1.26942 115 132 137
-0.111073 1.11437 115 132 137
-0.0763583 1.01699 115 132 137
-0.0756148 0.88773 115 132 137
-0.0360883 1.15131 115 132 137
0.124061 1.01459 115 132 137
-0.137512 0.886622 115 132 137
0.157171 0.745965 115 132 137
-0.0178352 0.962903 115 132 137
0.185583 0.775086 115 132 137
-0.122619 0.918469 115 132 137
0.0746763 0.870341 115 132 137
0.0506695 1.0686 115 132 137
-0.0905891 1.21239 115 132 137
-0.0498587 0.822969 115 132 137
-0.32909 1.34734 115 132 137
0.0979291 1.00135 115 132 137
0.19452 0.798002 115 132 137
-0.22762 0.895814 115 132 137
-0.382124 1.12549 115 132 137
-0.142066 1.13525 115 132 137
-0.121603 1.15259 115 132 137
-0.0764186 0.950152 115 132 137
-0.146024 0.981828 115 132 137
-0.144332 1.02331 115 132 137
-0.339921 1.15805 115 132 137
-0.105914 1.1923 115 132 137
0.0601023 0.913242 115 132 137
-0.0327563 1.14519 115 132 137
-0.306343 1.13976 115 132 137
-0.0744711 1.05772 115 132 137
-0.0423238 1.28115 115 132 137
-0.0443527 1.08503 115 132 137
-0.101268 1.11503 115 132 137
-0.0371045 0.938294 115 132 137
0.171781 0.872508 115 132 137
-0.150433 1.25851 115 132 137
0.212001 0.954624 115 132 137
-0.178795 0.955077 115 132 137
-0.0901392 0.966812 115 132 137
-0.121848 1.18197 115 132 137
0.203138 1.07135 115 132 137
0.0321439 0.887111 115 132 137
-0.13099 1.13212 115 132 137
0.0160365 1.01116 115 132 137
0.0321934 0.901919 115 132 137
-0.150337 1.14473 115 132 137
-0.161392 0.976177 115 132 137
0.0948203 1.11337 115 132 137
-0.154299 1.03045 115 132 137
-0.0425221 1.15467 115 132 137
0.0313152 1.05365 115 132 137
-0.124928 1.28262 115 132 137
-0.203885 1.11186 115 132 137
-0.12143 0.918313 115 132 137
-0.0272964 0.867271 115 132 137
0.0912902 0.94188 115 132 137
-0.125031 1.05506 115 132 137
-0.123739 0.991594 115 132 137
-0.146127 1.18789 115 132 137
-0.0467888 0.972813 115 132 137
-0.276767 1.1327 115 132 137
-0.0340842 0.957404 115 132 137
-0.0750519 1.07694 115 132 137
0.0985666 0.894982 115 132 137
0.124652 1.12515 115 132 137
-0.360957 1.07658 115 132 137
-0.0981098 1.06374 115 132 137
-0.0799064 1.2304 115 132 137
0.136301 0.959486 115 132 137
0.0437187 1.12366 115 132 137
-0.0150805 1.08559 115 132 137
-0.110892 1.11731 115 132 137
-0.057737 0.850371 115 132 137
-0.303057 1.29764 115 132 137
-0.108346 1.31129 115 132 137
-0.162457 0.951133 115 132 137
-0.0786528 1.04361 115 132 137
-0.176993 1.28876 115 132 137
-0.164533 1.08081 115 132 137
-0.230509 1.29147 115 132 137
0.150118 1.06273 115 132 137
0.0513246 0.865345 115 132 137
-0.245253 1.06325 115 132 137
0.0404542 0.941764 115 132 137
0.045684 1.06061 115 132 137
0.0595393 1.02794 115 132 137
0.149576 0.887029 115 132 137
-0.124737 1.02658 115 132 137
-0.142009 1.2345 115 132 137
-0.258889 1.0782 115 132 137
0.0728954 0.814782 115 132 137
0.054646 1.22139 115 132 137
-0.0250055 0.994554 115 132 137
-3.54946e-05 0.824721 115 132 137
-0.0856706 0.729016 115 132 137
-0.0644008 0.964266 115 132 137
0.0267369 1.04196 115 132 137
-0.078568 1.04418 0 0 0
-0.630816 0.431157 138 233 161
-0.718428 0.426114 138 233 161
-0.596054 0.569675 138 233 161
-0.587421 0.567727 138 233 161
-0.796795 0.476855 138 233 161
-0.582273 0.332899 138 233 161
-0.761562 0.413325 138 233 161
-0.412749 0.364657 138 233 161
-0.652318 0.505013 138 233 161
-0.714071 0.362839 138 233 161
-0.613761 0.419199 138 233 161
-0.557717 0.333035 138 233 161
-0.712839 0.436169 138 233 161
-0.987972 0.424201 138 233 161
-0.549124 0.469529 138 233 161
-0.550145 0.430601 138 233 161
-0.630806 0.232123 138 233 161
-0.447561 0.497762 138 233 161
-0.515303 0.478498 138 233 161
-0.604407 0.308823 138 233 161
-0.784817 0.502879 138 233 161
-0.555343 0.420821 138 233 161
-0.804817 0.37342 138 233 161
-0.709214 0.406705 138 233 161
-0.503325 0.318092 138 233 161
-0.729715 0.513085 138 233 161
-0.695183 0.554712 138 233 161
-0.355263 0.49302 138 233 161
-0.521282 0.529184 138 233 161
-0.604737 0.537111 138 233 161
-0.555503 0.640881 138 233 161
-0.516545 0.455253 138 233 161
-0.767681 0.514016 138 233 161
-0.785008 0.49315 138 233 161
-0.495413 0.504392 138 233 161
-0.541462 0.610741 138 233 161
-0.844587 0.427291 138 233 161
-0.547451 0.356765 138 233 161
-0.698298 0.635173 138 233 161
-0.597667 0.4566 138 233 161
-0.75983 0.541352 138 233 161
-0.537717 0.44977 138 233 161
-0.552819 0.466294 138 233 161
-0.758197 0.494377 138 233 161
-0.649254 0.531122 138 233 161
-0.649484 0.602449 138 233 161
-0.761182 0.547496 138 233 161
-0.567571 0.655238 138 233 161
-0.702324 0.414637 138 233 161
-0.879559 0.492474 138 233 161
-0.668723 0.422954 138 233 161
-0.576775 0.509429 138 233 161
-0.672799 0.487506 138 233 161
-0.789795 0.484647 138 233 161
-0.80641 0.489104 138 233 161
-0.451958 0.738002 138 233 161
-0.452379 0.443035 138 233 161
-1.11587 0.470205 138 233 161
-0.682624 0.583721 138 233 161
-0.73981 0.499514 138 233 161
-0.755814 0.475979 138 233 161
-0.73298 0.568683 138 233 161
-0.604347 0.45314 138 233 161
-0.805939 0.619579 138 233 161
-0.728673 0.447396 138 233 161
-1.06307 0.557421 138 233 161
-0.764927 0.551292 138 233 161
-0.602333 0.658247 138 233 161
-0.538257 0.395188 138 233 161
-0.835393 0.65332 138 233 161
-0.529294 0.511713 138 233 161
-0.348393 0.49306 138 233 161
-0.867752 0.557031 138 233 161
-0.523195 0.379875 138 233 161
-0.389444 0.555033 138 233 161
-0.737306 0.518102 138 233 161
-0.901482 0.539079 138 233 161
-0.661703 0.671898 138 233 161
-0.464547 0.54334 138 233 161
-0.677927 0.264557 138 233 161
-0.50012 0.545794 138 233 161
-0.506339 0.459259 138 233 161
-0.698588 0.56007 138 233 161
-0.610826 0.377481 138 233 161
-0.444988 0.442143 138 233 161
-0.704947 0.474286 138 233 161
-0.46683 0.557241 138 233 161
-0.828483 0.447411 138 233 161
-0.386991 0.375578 138 233 161
-0.878638 0.449815 138 233 161
-0.845909 0.592123 138 233 161
-0.748372 0.387481 138 233 161
-0.765198 0.569364 138 233 161
-0.640651 0.391773 138 233 161
-0.729384 0.421197 138 233 161
-0.51352 0.505473 138 233 161
-0.85998 0.545318 138 233 161
-0.602844 0.302579 138 233 161
-0.97361 0.58645 138 233 161
-0.758979 0.610631 138 233 161
-0.464517 0.588072 138 233 161
-0.876345 0.421162 138 233 161
-0.612048 0.380871 138 233 161
-0.562333 0.405408 138 233 161
-0.909474 0.248618 138 233 161
-0.62015 0.342389 138 233 161
-0.468152 0.46359 138 233 161
-0.441242 0.470896 138 233 161
-0.731938 0.510876 138 233 161
-0.491537 0.620811 138 233 161
-0.656355 0.47366 138 233 161
-0.349775 0.441888 138 233 161
-0.342564 0.408828 138 233 161
-0.845108 0.360531 138 233 161
-0.328002 0.581648 138 233 161
-0.676455 0.441873 138 233 161
-0.891547 0.535984 138 233 161
-0.526981 0.711688 138 233 161
-0.686089 0.38688 138 233 161
-0.945208 0.480906 138 233 161
-0.625859 0.377977 138 233 161
-0.561452 0.601442 138 233 161
-0.725468 0.494106 138 233 161
-0.607171 0.555568 138 233 161
-0.468513 0.319875 138 233 161
-0.552388 0.370205 138 233 161
-0.889484 0.275739 138 233 161
-0.690996 0.444246 138 233 161
-0.664517 0.581007 138 233 161
-0.784777 0.452414 138 233 161
-0.407551 0.48342 138 233 161
-0.723055 0.588433 138 233 161
-0.618848 0.399634 138 233 161
-0.851477 0.553145 138 233 161
-0.748263 0.379074 138 233 161
-0.87306 0.378317 138 233 161
-0.590426 0.527802 138 233 161
-0.637827 0.472233 138 233 161
-0.661953 0.589775 138 233 161
-0.590896 0.499564 138 233 161
-0.509594 0.414126 138 233 161
-0.536695 0.394251 138 233 161
-0.707832 0.464732 138 233 161
-0.781753 0.425413 138 233 161
-0.696695 0.405528 138 233 161
-0.548863 0.609905 138 233 161
-0.689434 0.518523 138 233 161
-0.643766 0.385463 138 233 161
-0.420841 0.461577 138 233 161
-0.452689 0.310356 138 233 161
-0.666189 0.623215 138 233 161
-0.661903 0.497451 138 233 161
-0.7933 0.371948 138 233 161
-0.836194 0.389389 138 233 161
-0.569214 0.395113 138 233 161
-0.91312 0.533831 138 233 161
-0.494532 0.439384 138 233 161
-0.704136 0.3136 138 233 161
-0.938428 0.273686 138 233 161
-0.776194 0.520521 138 233 161
-0.863786 0.474206 138 233 161
-0.730616 0.407261 138 233 161
-0.384306 0.549184 138 233 161
-0.784737 0.480676 138 233 161
-0.655473 0.465483 138 233 161
-0.698818 0.325263 138 233 161
-0.512539 0.51646 138 233 161
-0.466991 0.346214 138 233 161
-0.719209 0.485193 138 233 161
-0.452379 0.486435 138 233 161
-0.431547 0.59667 138 233 161
-0.915093 0.602243 138 233 161
-0.65351 0.584467 138 233 161
-0.581542 0.470651 138 233 161
-0.718658 0.408999 138 233 161
-0.444907 0.64659 138 233 161
-0.448162 0.368728 138 233 161
-0.480661 0.37651 138 233 161
-0.739259 0.451377 138 233 161
-0.704527 0.497536 138 233 161
-0.689695 0.47644 138 233 161
-0.837737 0.448097 138 233 161
-0.504978 0.441698 138 233 161
-0.663335 0.321988 138 233 161
-0.340631 0.455088 138 233 161
-0.630025 0.561572 138 233 161
-0.47318 0.464807 138 233 161
-0.697466 0.410771 138 233 161
-0.584126 0.445378 138 233 161
-0.62008 0.338428 138 233 161
-0.672238 0.555428 138 233 161
-0.564206 0.589023 138 233 161
-0.542714 0.457586 138 233 161
-0.831678 0.357321 138 233 161
-0.651157 0.485659 138 233 161
-0.695794 0.604171 138 233 161
-0.83996 0.353275 138 233 161
-0.714942 0.531963 138 233 161
-0.798959 0.381352 138 233 161
-0.408633 0.544882 138 233 161
-0.702594 0.479965 138 233 161
-0.684276 0.464442 138 233 161
-0.564727 0.594306 138 233 161
-0.737276 0.591728 138 233 161
-0.936234 0.32325 138 233 161
-0.65349 0.588177 138 233 161
-0.803896 0.363335 138 233 161
-0.505658 0.358508 138 233 161
-0.547221 0.410646 138 233 161
-0.66016 0.444732 138 233 161
-0.630886 0.433175 138 233 161
-0.479699 0.734051 138 233 161
-0.608172 0.398693 138 233 161
-0.621102 0.466129 138 233 161
-0.522323 0.403545 138 233 161
-1.027 0.685809 138 233 161
-0.703686 0.633345 138 233 161
-0.655183 0.461688 138 233 161
-0.7133 0.505223 138 233 161
-1.05111 0.390766 138 233 161
-0.649404 0.601893 138 233 161
-0.364707 0.435859 138 233 161
-0.541973 0.610831 138 233 161
-0.209585 0.355178 138 233 161
-0.519509 0.527201 138 233 161
-0.717266 0.57326 138 233 161
-0.623485 0.641898 138 233 161
-0.869965 0.420045 138 233 161
-0.644647 0.526164 138 233 161
-0.754902 0.320195 138 233 161
-0.767161 0.412043 138 233 161
-0.505068 0.454872 138 233 161
-0.350526 0.585578 138 233 161
-0.661773 0.564822 138 233 161
-0.555784 0.427226 138 233 161
-0.629925 0.497281 138 233 161
-0.705038 0.37676 138 233 161
-0.445328 0.338798 138 233 161
-0.730035 0.567006 138 233 161
-0.776595 0.435714 138 233 161
-0.665879 0.440451 138 233 161
-0.742323 0.44341 138 233 161
-1.19333 0.303806 138 233 161
-0.229284 0.609604 138 233 161
-0.461642 0.46321 138 233 161
-0.824928 0.535233 138 233 161
-0.881182 0.31978 138 233 161
-0.717757 0.554772 138 233 161
-0.562494 0.470951 138 233 161
-0.580821 0.404472 138 233 161
-0.65155 0.474593 0 0 0
0.307771 0.451437 180 185 91
0.610307 0.432352 180 185 91
0.551742 0.566295 180 185 91
0.449819 0.575731 180 185 91
0.49296 0.499645 180 185 91
0.50029 0.632746 180 185 91
0.517661 0.412017 180 185 91
0.498165 0.671766 180 185 91
0.391154 0.364314 180 185 91
0.495191 0.449981 180 185 91
0.638811 0.557662 180 185 91
0.535521 0.54773 180 185 91
0.331778 0.240714 180 185 91
0.588064 0.433789 180 185 91
0.756445 0.583574 180 185 91
0.756512 0.537263 180 185 91
0.43472 0.395955 180 185 91
0.311796 0.284985 180 185 91
0.531867 0.431477 180 185 91
0.338445 0.325585 180 185 91
0.713987 0.7605 180 185 91
0.653421 0.570898 180 185 91
0.498696 0.441944 180 185 91
0.543941 0.395481 180 185 91
0.39945 0.279663 180 185 91
0.712075 0.595425 180 185 91
0.355356 0.385382 180 185 91
0.670286 0.437808 180 185 91
0.63896 0.51957 180 185 91
0.943501 0.708311 180 185 91
0.348214 0.399592 180 185 91
0.26158 0.227234 180 185 91
0.531265 0.3271 180 185 91
0.752865 0.726946 180 185 91
0.631942 0.408635 180 185 91
0.534523 0.493633 180 185 91
0.749803 0.596774 180 185 91
0.446912 0.410632 180 185 91
0.537122 0.574329 180 185 91
0.688535 0.547256 180 185 91
0.50307 0.549802 180 185 91
0.633727 0.672499 180 185 91
0.385056 0.363061 180 185 91
0.53556 0.504889 180 185 91
0.611062 0.490701 180 185 91
0.532837 0.593032 180 185 91
0.683249 0.562867 180 185 91
0.504341 0.456794 180 185 91
0.865054 0.736294 180 185 91
0.818697 0.81687 180 185 91
0.435609 0.597985 180 185 91
0.330581 0.311538 180 185 91
0.485634 0.488927 180 185 91
0.583007 0.523642 180 185 91
0.71227 0.524385 180 185 91
0.448693 0.563912 180 185 91
0.585408 0.724061 180 185 91
0.713378 0.462488 180 185 91
0.854035 0.757171 180 185 91
0.637097 0.582165 180 185 91
0.824914 0.785583 180 185 91
0.681531 0.477381 180 185 91
0.729659 0.674676 180 185 91
0.5314 0.65067 180 185 91
0.387606 0.509411 180 185 91
0.777031 0.550141 180 185 91
0.252661 0.27091 180 185 91
0.598651 0.697929 180 185 91
0.801998 0.79452 180 185 91
0.704186 0.37238 180 185 91
0.474509 0.217876 180 185 91
0.464747 0.457934 180 185 91
0.447414 0.478397 180 185 91
0.649848 0.523581 180 185 91
0.618172 0.453976 180 185 91
0.576694 0.455668 180 185 91
0.441951 0.260079 180 185 91
0.407704 0.494086 180 185 91
0.686758 0.660102 180 185 91
0.454808 0.567244 180 185 91
0.460239 0.293657 180 185 91
0.542284 0.525529 180 185 91
0.318846 0.557676 180 185 91
0.51497 0.555647 180 185 91
0.484965 0.498732 180 185 91
0.661706 0.562895 180 185 91
0.727492 0.771781 180 185 91
0.341493 0.449567 180 185 91
0.645376 0.812001 180 185 91
0.644923 0.421205 180 185 91
0.633188 0.509861 180 185 91
0.418029 0.478152 180 185 91
0.528652 0.803138 180 185 91
0.712889 0.632144 180 185 91
0.467877 0.46901 180 185 91
0.588836 0.616037 180 185 91
0.698081 0.632193 180 185 91
0.455271 0.449663 180 185 91
0.623823 0.438608 180 185 91
0.486626 0.69482 180 185 91
0.569552 0.445701 180 185 91
0.445325 0.557478 180 185 91
0.546349 0.631315 180 185 91
0.317377 0.475072 180 185 91
0.488141 0.396115 180 185 91
0.681687 0.47857 180 185 91
0.732729 0.572704 180 185 91
0.65812 0.69129 180 185 91
0.544943 0.474969 180 185 91
0.608406 0.476261 180 185 91
0.412112 0.453873 180 185 91
0.627187 0.553211 180 185 91
0.467303 0.323233 180 185 91
0.642596 0.565916 180 185 91
0.523064 0.524948 180 185 91
0.705018 0.698567 180 185 91
0.474853 0.724652 180 185 91
0.523422 0.239043 180 185 91
0.536265 0.50189 180 185 91
0.369601 0.520094 180 185 91
0.640514 0.736301 180 185 91
0.476343 0.643719 180 185 91
0.514407 0.58492 180 185 91
0.482692 0.489108 180 185 91
0.749629 0.542263 180 185 91
0.30236 0.296943 180 185 91
0.288714 0.491654 180 185 91
0.648867 0.437543 180 185 91
0.556395 0.521347 180 185 91
0.311244 0.423007 180 185 91
0.519194 0.435468 180 185 91
0.308532 0.369491 180 185 91
0.53727 0.750118 180 185 91
0.734655 0.651325 180 185 91
0.536746 0.354747 180 185 91
0.658236 0.640454 180 185 91
0.539388 0.645684 180 185 91
0.572059 0.659539 180 185 91
0.712971 0.749576 180 185 91
0.573415 0.475263 180 185 91
0.365504 0.457991 180 185 91
0.5218 0.341111 180 185 91
0.785218 0.672895 180 185 91
0.378609 0.654646 180 185 91
0.605446 0.574995 180 185 91
0.775279 0.599964 180 185 91
0.870984 0.514329 180 185 91
0.635734 0.535599 180 185 91
0.558037 0.626737 180 185 91
0.694587 0.848748 180 185 91
0.557572 0.526216 0 0 0
0.379053 1.1953 152 237 94
0.618604 1.38107 152 237 94
0.486093 1.4428 152 237 94
0.403401 1.38248 152 237 94
0.486079 1.35394 152 237 94
0.403553 1.45862 152 237 94
0.562559 1.30454 152 237 94
0.376154 1.48648 152 237 94
0.499215 1.1851 152 237 94
0.520597 1.31816 152 237 94
0.557111 1.49391 152 237 94
0.486203 1.41815 152 237 94
0.536419 1.05312 152 237 94
0.600968 1.36743 152 237 94
0.628211 1.59114 152 237 94
0.658888 1.55645 152 237 94
0.510969 1.23764 152 237 94
0.492154 1.07311 152 237 94
0.560345 1.32853 152 237 94
0.485292 1.12119 152 237 94
0.479356 1.69577 152 237 94
0.559317 1.5135 152 237 94
0.528542 1.31445 152 237 94
0.593208 1.30952 152 237 94
0.561421 1.12709 152 237 94
0.587091 1.57069 152 237 94
0.45843 1.17723 152 237 94
0.659984 1.42482 152 237 94
0.582415 1.46544 152 237 94
0.686026 1.80841 152 237 94
0.443676 1.18316 152 237 94
0.49268 0.996583 152 237 94
0.628922 1.24984 152 237 94
0.530708 1.69632 152 237 94
0.650516 1.37758 152 237 94
0.521231 1.37691 152 237 94
0.614498 1.59665 152 237 94
0.510407 1.25671 152 237 94
0.469813 1.43916 152 237 94
0.601291 1.51899 152 237 94
0.460492 1.39824 152 237 94
0.477352 1.57669 152 237 94
0.495471 1.18012 152 237 94
0.514565 1.38604 152 237 94
0.580581 1.42533 152 237 94
0.454231 1.45036 152 237 94
0.587001 1.5272 152 237 94
0.522955 1.32932 152 237 94
0.608677 1.77752 152 237 94
0.520617 1.8073 152 237 94
0.378025 1.38977 152 237 94
0.488683 1.10545 152 237 94
0.487672 1.34105 152 237 94
0.537753 1.43149 152 237 94
0.634219 1.51753 152 237 94
0.410373 1.37287 152 237 94
0.407009 1.58341 152 237 94
0.675986 1.47183 152 237 94
0.586605 1.78589 152 237 94
0.539621 1.51116 152 237 94
0.545972 1.78795 152 237 94
0.642248 1.46194 152 237 94
0.547869 1.64176 152 237 94
0.415034 1.49264 152 237 94
0.400596 1.29159 152 237 94
0.665763 1.57968 152 237 94
0.457105 1.02345 152 237 94
0.434224 1.57256 152 237 94
0.522873 1.7795 152 237 94
0.728682 1.39817 152 237 94
0.658584 1.13038 152 237 94
0.492502 1.30399 152 237 94
0.465968 1.30788 152 237 94
0.587929 1.47565 152 237 94
0.610202 1.40249 152 237 94
0.577971 1.37633 152 237 94
0.606252 1.14051 152 237 94
0.425806 1.29338 152 237 94
0.525328 1.60246 152 237 94
0.412756 1.37941 152 237 94
0.597764 1.17779 152 237 94
0.505959 1.40597 152 237 94
0.3171 1.28232 152 237 94
0.465552 1.4105 152 237 94
0.480686 1.34796 152 237 94
0.570824 1.51298 152 237 94
0.482025 1.71317 152 237 94
0.405585 1.2162 152 237 94
0.393831 1.68903 152 237 94
0.65194 1.3956 152 237 94
0.584507 1.45434 152 237 94
0.444088 1.28826 152 237 94
0.31214 1.60519 152 237 94
0.563419 1.59877 152 237 94
0.487525 1.31437 152 237 94
0.48102 1.50465 152 237 94
0.552279 1.58901 152 237 94
0.490865 1.29152 152 237 94
0.624604 1.3947 152 237 94
0.352251 1.49614 152 237 94
0.579206 1.36413 152 237 94
0.412102 1.36581 152 237 94
0.439047 1.48801 152 237 94
0.370628 1.21938 152 237 94
0.550933 1.27309 152 237 94
0.641579 1.46294 152 237 94
0.61761 1.5673 152 237 94
0.483221 1.60691 152 237 94
0.54139 1.3698 152 237 94
0.588138 1.41274 152 237 94
0.455707 1.26613 152 237 94
0.551336 1.48288 152 237 94
0.583502 1.20464 152 237 94
0.554492 1.5026 152 237 94
0.491926 1.39282 152 237 94
0.513587 1.64339 152 237 94
0.323691 1.51073 152 237 94
0.681275 1.17861 152 237 94
0.517077 1.38426 152 237 94
0.380025 1.28769 152 237 94
0.440248 1.62903 152 237 94
0.378334 1.45101 152 237 94
0.445771 1.43208 152 237 94
0.485346 1.33924 152 237 94
0.650419 1.55565 152 237 94
0.477167 1.07584 152 237 94
0.338162 1.21287 152 237 94
0.644094 1.41046 152 237 94
0.519308 1.41217 152 237 94
0.40046 1.17627 152 237 94
0.5482 1.32315 152 237 94
0.433818 1.13434 152 237 94
0.353669 1.57112 152 237 94
0.56706 1.62755 152 237 94
0.614749 1.27421 152 237 94
0.516928 1.56886 152 237 94
0.424323 1.49418 152 237 94
0.439666 1.52618 152 237 94
0.485818 1.68691 152 237 94
0.562553 1.38885 152 237 94
0.418024 1.2384 152 237 94
0.612557 1.25409 152 237 94
0.590721 1.67717 152 237 94
0.297798 1.39457 152 237 94
0.520622 1.48485 152 237 94
0.631498 1.61589 152 237 94
0.759919 1.61495 152 237 94
0.569395 1.47533 152 237 94
0.450842 1.4923 152 237 94
0.517522 1.41483 0 0 0
