-0.5415 0.6107 0
-0.542 0.6108 0

-0.6495 0.6024 0
-0.6494 0.6019 0

-0.1226 0.9185 0
-0.1214 0.9183 0

-0.5417 0.6108 0
-0.6494 0.6022 0

0.6422 1.462 0
0.6416 1.463 0

-0.122 0.9184 0
-0.5956 0.6065 0

-0.02905 -0.1444 0
-0.0281 -0.1436 0

0.6419 1.462 0
-0.3588 0.7624 0

0.6815 0.4774 0
0.6817 0.4786 0

-0.02858 -0.144 0
0.1416 1.112 0

-0.5383 0.3952 0
-0.5367 0.3943 0

0.6816 0.478 0
0.05649 0.4842 0

-0.6308 0.4312 0
-0.6309 0.4332 0

-0.5375 0.3947 0
0.369 0.4811 0

-0.5213 0.5292 0
-0.5195 0.5272 0

-0.6309 0.4322 0
-0.08421 0.4379 0

-0.1594 0.002329 0
-0.1614 0.004537 0

-0.5204 0.5282 0
-0.3575 0.435 0

0.4856 0.4889 0
0.4827 0.4891 0

-0.1604 0.003433 0
-0.439 0.4816 0

0.4877 1.341 0
0.4853 1.339 0

0.4842 0.489 0
-0.2997 0.2425 0

-0.1111 1.114 0
-0.1109 1.117 0

0.4865 1.34 0
0.09224 0.3658 0

0.5146 1.386 0
0.5171 1.384 0

-0.111 1.116 0
0.2894 0.853 0

0.5356 0.5049 0
0.5363 0.5019 0

0.5158 1.385 0
0.0892 0.9844 0

-0.1128 -0.02169 0
-0.1144 -0.02431 0

0.5359 0.5034 0
0.3025 1.185 0

-0.09511 1.064 0
-0.09811 1.064 0

-0.1136 -0.023 0
0.4192 0.8441 0

-0.7297 0.5131 0
-0.7319 0.5109 0

-0.09661 1.064 0
0.1528 0.4105 0

-0.733 0.5687 0
-0.73 0.567 0

-0.7308 0.512 0
0.02809 0.7373 0

-0.6108 0.3775 0
-0.612 0.3809 0

-0.7315 0.5678 0
-0.3514 0.6246 0

-0.6535 0.5845 0
-0.6535 0.5882 0

-0.6114 0.3792 0
-0.5414 0.5962 0

-0.6555 0.4655 0
-0.6552 0.4617 0

-0.6535 0.5863 0
-0.5764 0.4877 0

-0.6202 0.3424 0
-0.6201 0.3384 0

-0.6553 0.4636 0
-0.615 0.537 0

-0.5063 0.4593 0
-0.5051 0.4549 0

-0.6201 0.3404 0
-0.6351 0.5003 0

-0.5491 0.4695 0
-0.5528 0.4663 0

-0.5057 0.4571 0
-0.6276 0.4204 0

-0.4682 0.4636 0
-0.4732 0.4648 0

-0.551 0.4679 0
-0.5667 0.4387 0

-0.6967 0.4055 0
-0.6975 0.4108 0

-0.4707 0.4642 0
-0.5588 0.4533 0

-0.5642 0.589 0
-0.5647 0.5943 0

-0.6971 0.4081 0
-0.5147 0.4588 0

-0.7612 0.5475 0
-0.7649 0.5513 0

-0.5645 0.5917 0
-0.6059 0.4335 0

-0.6983 0.6352 0
-0.7037 0.6333 0

-0.7631 0.5494 0
-0.5852 0.5126 0

-0.7616 0.4133 0
-0.7672 0.412 0

-0.701 0.6343 0
-0.6741 0.531 0

-0.7049 0.4743 0
-0.7026 0.48 0

-0.7644 0.4127 0
-0.6876 0.5826 0

0.4992 1.185 0
0.4955 1.18 0

-0.7038 0.4771 0
-0.726 0.4977 0

-0.2357 1.209 0
-0.2369 1.215 0

0.4973 1.183 0
-0.7149 0.4874 0

-0.3143 -0.01898 0
-0.3195 -0.01555 0

-0.2363 1.212 0
-0.1088 0.835 0

0.3912 0.3643 0
0.3851 0.3631 0

-0.3169 -0.01727 0
-0.1725 1.023 0

-0.6952 0.5547 0
-0.6986 0.5601 0

0.3881 0.3637 0
-0.2447 0.5031 0

-0.5553 0.4208 0
-0.5558 0.4272 0

-0.6969 0.5574 0
0.07169 0.4334 0

-0.7898 0.4846 0
-0.7847 0.4807 0

-0.5556 0.424 0
-0.3126 0.4954 0

-0.6044 0.3088 0
-0.6028 0.3026 0

-0.7873 0.4827 0
-0.4341 0.4597 0

-0.8763 0.4212 0
-0.87 0.42 0

-0.6036 0.3057 0
-0.6107 0.4712 0

-0.6493 0.5311 0
-0.6446 0.5262 0

-0.8732 0.4206 0
-0.6071 0.3884 0

-0.3553 0.493 0
-0.3484 0.4931 0

-0.647 0.5286 0
-0.7402 0.4045 0

0.4487 0.5639 0
0.4548 0.5672 0

-0.3518 0.493 0
-0.6936 0.4666 0

0.4104 1.373 0
0.4128 1.379 0

0.4518 0.5656 0
-0.5227 0.4798 0

-0.1325 0.08147 0
-0.1258 0.0795 0

0.4116 1.376 0
-0.03547 0.5227 0

-0.03609 1.151 0
-0.03276 1.145 0

-0.1292 0.08049 0
0.188 0.9494 0

-0.6407 0.3918 0
-0.6438 0.3855 0

-0.03442 1.148 0
0.02944 0.515 0

-0.6602 0.4447 0
-0.6659 0.4405 0

-0.6422 0.3886 0
-0.002491 0.8316 0

-0.4524 0.443 0
-0.445 0.4421 0

-0.663 0.4426 0
-0.3223 0.6101 0

-0.5977 0.4566 0
-0.6043 0.4531 0

-0.4487 0.4426 0
-0.4927 0.5264 0

-0.3894 0.555 0
-0.3843 0.5492 0

-0.601 0.4549 0
-0.4707 0.4845 0

0.4861 1.354 0
0.4807 1.348 0

-0.3869 0.5521 0
-0.5358 0.4697 0

-0.1466 0.004727 0
-0.1529 0.009735 0

0.4834 1.351 0
-0.4614 0.5109 0

0.493 0.4996 0
0.485 0.4987 0

-0.1498 0.007231 0
0.01101 0.9309 0

-0.1004 1.107 0
-0.1013 1.115 0

0.489 0.4992 0
-0.06939 0.4691 0

-0.7484 0.3875 0
-0.7483 0.3791 0

-0.1008 1.111 0
0.2098 0.4841 0

0.7565 0.5373 0
0.7496 0.5423 0

-0.7483 0.3833 0
0.05449 0.7976 0

-0.06274 0.8435 0
-0.05774 0.8504 0

0.7531 0.5398 0
-0.3469 0.5904 0

0.06631 -0.155 0
0.06498 -0.1466 0

-0.06024 0.8469 0
0.2031 0.5651 0

0.6589 1.556 0
0.6504 1.556 0

0.06564 -0.1508 0
0.07142 0.706 0

-0.7393 0.4514 0
-0.7423 0.4434 0

0.6547 1.556 0
0.06853 0.2776 0

0.5206 1.318 0
0.5285 1.314 0

-0.7408 0.4474 0
0.3616 0.9168 0

-0.15 1.105 0
-0.1581 1.101 0

0.5246 1.316 0
-0.1896 0.6821 0

-0.1802 -0.03197 0
-0.1834 -0.04013 0

-0.154 1.103 0
0.1675 0.9992 0

0.4952 0.45 0
0.4987 0.4419 0

-0.1818 -0.03605 0
0.006724 1.051 0

-0.5961 0.5697 0
-0.5874 0.5677 0

0.4969 0.446 0
-0.08753 0.5075 0

-0.8451 0.3605 0
-0.84 0.3533 0

-0.5917 0.5687 0
0.2047 0.4768 0

-0.04234 0.9612 0
-0.03408 0.9574 0

-0.8425 0.3569 0
-0.1935 0.5227 0

-0.002494 -0.05738 0
0.006019 -0.05422 0

-0.03821 0.9593 0
-0.518 0.4398 0

0.6388 0.5577 0
0.6426 0.5659 0

0.001763 -0.0558 0
-0.2781 0.6996 0

0.5571 1.494 0
0.5545 1.503 0

0.6407 0.5618 0
-0.1382 0.3219 0

-0.6645 0.581 0
-0.662 0.5898 0

0.5558 1.498 0
0.2513 0.4418 0

-0.5377 0.4498 0
-0.5427 0.4576 0

-0.6632 0.5854 0
0.4035 0.97 0

-0.8285 0.4474 0
-0.8377 0.4481 0

-0.5402 0.4537 0
-0.1299 0.7777 0

0.5314 0.6507 0
0.5394 0.6457 0

-0.8331 0.4478 0
-0.335 0.6157 0

-0.01268 0.08434 0
-0.01056 0.07516 0

0.5354 0.6482 0
-0.5841 0.5317 0

0.05067 1.069 0
0.04568 1.061 0

-0.01162 0.07975 0
-0.02434 0.59 0

0.415 1.493 0
0.4243 1.494 0

0.04818 1.065 0
-0.01798 0.3349 0

-0.7092 0.4067 0
-0.7187 0.409 0

0.4197 1.493 0
0.0151 0.6997 0

-0.7848 0.5029 0
-0.785 0.4931 0

-0.7139 0.4079 0
0.2174 1.097 0

-0.8048 0.3734 0
-0.799 0.3814 0

-0.7849 0.498 0
-0.2483 0.7522 0

-0.9015 0.5391 0
-0.8915 0.536 0

-0.8019 0.3774 0
-0.5166 0.6251 0

-0.4945 0.4394 0
-0.505 0.4417 0

-0.8965 0.5375 0
-0.6592 0.5012 0

-0.7677 0.514 0
-0.7762 0.5205 0

-0.4998 0.4405 0
-0.7779 0.5194 0

-0.6188 0.3996 0
-0.6082 0.3987 0

-0.7719 0.5173 0
-0.6388 0.48 0

-0.7255 0.4941 0
-0.7192 0.4852 0

-0.6135 0.3992 0
-0.7054 0.4986 0

0.1941 0.03289 0
0.1856 0.02588 0

-0.7223 0.4896 0
-0.6594 0.4489 0

0.1605 0.886 0
0.1496 0.887 0

0.1899 0.02939 0
-0.6909 0.4693 0

0.714 0.7605 0
0.713 0.7496 0

0.155 0.8865 0
-0.2505 0.2493 0

0.4794 1.696 0
0.4858 1.687 0

0.7135 0.755 0
-0.04774 0.5679 0

-0.5135 0.5055 0
-0.5125 0.5165 0

0.4826 1.691 0
0.3329 0.6615 0

-0.08043 0.961 0
-0.09014 0.9668 0

-0.513 0.511 0
0.4077 1.176 0

0.5824 1.465 0
0.5845 1.454 0

-0.08528 0.9639 0
-0.05265 0.8437 0

-0.02932 -0.08442 0
-0.04027 -0.08721 0

0.5835 1.46 0
-0.06897 0.9038 0

0.639 0.5196 0
0.6332 0.5099 0

-0.0348 -0.08581 0
0.2572 1.182 0

-0.7184 0.4261 0
-0.7128 0.4362 0

0.6361 0.5147 0
0.1112 0.548 0

0.4925 1.304 0
0.4875 1.314 0

-0.7156 0.4311 0
0.3736 0.5314 0

-0.1421 1.135 0
-0.131 1.132 0

0.49 1.309 0
-0.171 0.4813 0

-0.1961 -0.004817 0
-0.186 0.0008012 0

-0.1365 1.134 0
0.1595 0.8952 0

0.4647 0.4579 0
0.4679 0.469 0

-0.1911 -0.002008 0
0.01149 1.014 0

0.5593 1.513 0
0.5708 1.513 0

0.4663 0.4635 0
-0.08979 0.5062 0

0.6534 0.5709 0
0.6617 0.5629 0

0.5651 1.513 0
0.1883 0.4848 0

0.0172 -0.05835 0
0.0174 -0.06987 0

0.6576 0.5669 0
0.3767 0.999 0

-0.0291 0.9466 0
-0.0371 0.9383 0

0.0173 -0.06411 0
0.5171 0.783 0

-0.7818 0.4254 0
-0.7766 0.4357 0

-0.0331 0.9424 0
0.2672 0.3594 0

-0.86 0.5453 0
-0.8515 0.5531 0

-0.7792 0.4306 0
0.1171 0.6509 0

-0.7045 0.4975 0
-0.7133 0.5052 0

-0.8557 0.5492 0
-0.3311 0.5407 0

-0.6523 0.505 0
-0.6619 0.4975 0

-0.7089 0.5014 0
-0.5934 0.545 0

0.578 1.376 0
0.5792 1.364 0

-0.6571 0.5012 0
-0.6512 0.5232 0

0.5767 0.4557 0
0.5696 0.4457 0

0.5786 1.37 0
-0.6541 0.5122 0

-0.1443 1.023 0
-0.1543 1.03 0

0.5731 0.4507 0
-0.03777 0.9412 0

-0.1185 -0.08558 0
-0.1306 -0.08758 0

-0.1493 1.027 0
0.2677 0.696 0

-0.4476 0.4978 0
-0.4524 0.4864 0

-0.1246 -0.08658 0
0.05918 0.8614 0

-0.5623 0.4054 0
-0.5692 0.3951 0

-0.45 0.4921 0
-0.0327 0.3874 0

0.439 1.488 0
0.4508 1.492 0

-0.5658 0.4003 0
-0.2413 0.4398 0

0.5463 0.6313 0
0.558 0.6267 0

0.4449 1.49 0
-0.4036 0.42 0

-0.01579 0.06008 0
-0.01077 0.04858 0

0.5522 0.629 0
0.02069 0.9551 0

0.03132 1.054 0
0.02674 1.042 0

-0.01328 0.05433 0
0.2864 0.7921 0

-0.7041 0.3136 0
-0.6988 0.3253 0

0.02903 1.048 0
0.1366 0.4232 0

-0.6564 0.4737 0
-0.6512 0.4857 0

-0.7015 0.3194 0
0.0828 0.7355 0

-0.6897 0.4764 0
-0.6843 0.4644 0

-0.6538 0.4797 0
-0.3093 0.5275 0

0.5031 0.5498 0
0.515 0.5556 0

-0.687 0.4704 0
-0.4815 0.5036 0

-0.104 0.03304 0
-0.09149 0.02876 0

0.509 0.5527 0
-0.5843 0.487 0

-0.0502 1.097 0
-0.04435 1.085 0

-0.09776 0.0309 0
-0.03762 0.5199 0

0.4605 1.398 0
0.4656 1.41 0

-0.04728 1.091 0
-0.06769 0.2754 0

-0.1685 1.068 0
-0.1645 1.081 0

0.463 1.404 0
-0.05748 0.6832 0

-0.1673 -0.07099 0
-0.1735 -0.0592 0

-0.1665 1.074 0
0.2028 1.044 0

0.5319 0.4315 0
0.5192 0.4355 0

-0.1704 -0.0651 0
0.01812 1.059 0

0.5603 1.329 0
0.5482 1.323 0

0.5255 0.4335 0
-0.07615 0.497 0

-0.7933 0.3719 0
-0.8039 0.3633 0

0.5543 1.326 0
0.2247 0.4652 0

-0.7294 0.4212 0
-0.7306 0.4073 0

-0.7986 0.3676 0
0.3895 0.8955 0

-0.6722 0.5554 0
-0.6618 0.5648 0

-0.73 0.4142 0
-0.2046 0.6316 0

-0.4645 0.5433 0
-0.4668 0.5572 0

-0.667 0.5601 0
-0.4673 0.5229 0

-0.5475 0.3568 0
-0.5524 0.3702 0

-0.4657 0.5503 0
-0.5671 0.5415 0

-0.7231 0.5884 0
-0.7373 0.5917 0

-0.5499 0.3635 0
-0.5164 0.5459 0

-0.06946 -0.08511 0
-0.08155 -0.09344 0

-0.7302 0.5901 0
-0.5332 0.4547 0

0.6111 0.4907 0
0.6084 0.4763 0

-0.07551 -0.08927 0
-0.6317 0.5224 0

-0.1093 0.9889 0
-0.1237 0.9916 0

0.6097 0.4835 0
-0.3536 0.2166 0

0.5806 1.425 0
0.5881 1.413 0

-0.1165 0.9903 0
0.1281 0.35 0

0.5423 0.5255 0
0.5564 0.5213 0

0.5844 1.419 0
0.005777 0.6701 0

-0.09347 -0.01185 0
-0.08645 -0.02478 0

0.5493 0.5234 0
0.2951 1.045 0

0.506 1.406 0
0.5193 1.412 0

-0.08996 -0.01831 0
0.4222 0.784 0

-0.07447 1.058 0
-0.07865 1.044 0

0.5126 1.409 0
0.1661 0.3828 0

-0.6765 0.4419 0
-0.691 0.4442 0

-0.07656 1.051 0
0.3394 0.896 0

0.7564 0.5836 0
0.7498 0.5968 0

-0.6837 0.4431 0
0.1314 0.9733 0

-0.01643 0.8436 0
-0.003226 0.8502 0

0.7531 0.5902 0
-0.2762 0.7082 0

0.09901 -0.1222 0
0.1036 -0.1082 0

-0.009826 0.8469 0
0.2385 0.6492 0

0.6282 1.591 0
0.6145 1.597 0

0.1013 -0.1152 0
0.1143 0.748 0

0.5634 1.599 0
0.5523 1.589 0

0.6214 1.594 0
0.1078 0.3164 0

0.1026 -0.0571 0
0.09212 -0.04659 0

0.5578 1.594 0
0.3646 0.9551 0

0.03214 0.8871 0
0.03219 0.9019 0

0.09734 -0.05184 0
0.4612 1.275 0

0.7129 0.6321 0
0.6981 0.6322 0

0.03217 0.8945 0
0.2793 0.6113 0

-0.1113 -0.1258 0
-0.09728 -0.131 0

0.7055 0.6322 0
0.1557 0.7529 0

0.6103 0.4324 0
0.6238 0.4386 0

-0.1043 -0.1284 0
0.4306 0.6925 0

-0.1676 0.9897 0
-0.1614 0.9762 0

0.6171 0.4355 0
0.1632 0.2821 0

0.6186 1.381 0
0.6246 1.395 0

-0.1645 0.9829 0
0.3901 0.3588 0

-0.5615 0.6014 0
-0.5489 0.6099 0

0.6216 1.388 0
0.1128 0.6709 0

-0.315 1.288 0
-0.3031 1.298 0

-0.5552 0.6057 0
0.3672 1.029 0

0.3118 0.285 0
0.3024 0.2969 0

-0.309 1.293 0
-0.09398 0.8175 0

-0.4265 -0.01896 0
-0.4248 -0.003831 0

0.3071 0.291 0
-0.2015 1.055 0

0.4922 1.073 0
0.4772 1.076 0

-0.4256 -0.01139 0
0.05279 0.6731 0

-0.7968 0.4769 0
-0.8064 0.4891 0

0.4847 1.074 0
-0.1864 0.3308 0

0.4584 1.177 0
0.4437 1.183 0

-0.8016 0.483 0
0.1491 0.7027 0

-0.2146 1.245 0
-0.2004 1.252 0

0.4511 1.18 0
-0.3262 0.5928 0

0.3554 0.3854 0
0.3482 0.3996 0

-0.2075 1.248 0
0.0624 0.8865 0

-0.3247 0.02123 0
-0.3197 0.03633 0

0.3518 0.3925 0
-0.07255 1.067 0

-0.3498 0.4419 0
-0.3406 0.4551 0

-0.3222 0.02878 0
0.1396 0.7299 0

-0.379 -0.009094 0
-0.3945 -0.01347 0

-0.3452 0.4485 0
-0.09132 0.3794 0

0.3384 0.3256 0
0.3306 0.3115 0

-0.3867 -0.01128 0
-0.2183 0.4139 0

0.4853 1.121 0
0.4887 1.105 0

0.3345 0.3186 0
-0.3025 0.2013 0

-0.2744 1.262 0
-0.2885 1.269 0

0.487 1.113 0
0.01601 0.2599 0

0.6013 1.519 0
0.587 1.527 0

-0.2814 1.265 0
0.2515 0.6866 0

0.6885 0.5473 0
0.6832 0.5629 0

0.5941 1.523 0
-0.01497 0.9761 0

-0.05274 0.9115 0
-0.03713 0.9168 0

0.6859 0.5551 0
0.2896 1.25 0

0.02531 -0.0999 0
0.03261 -0.08512 0

-0.04494 0.9141 0
0.4877 0.9023 0

-0.5096 0.4141 0
-0.5223 0.4035 0

0.02896 -0.09251 0
0.2214 0.9082 0

-0.7141 0.3628 0
-0.705 0.3768 0

-0.516 0.4088 0
0.1252 0.4079 0

-0.03371 1.048 0
-0.02567 1.063 0

-0.7096 0.3698 0
-0.1954 0.4083 0

0.4861 1.443 0
0.4698 1.439 0

-0.02969 1.056 0
-0.4525 0.3891 0

-0.05796 0.01029 0
-0.06261 0.02631 0

0.478 1.441 0
-0.2411 0.7223 0

0.5517 0.5663 0
0.5371 0.5743 0

-0.06029 0.0183 0
0.1184 1.082 0

-0.1788 0.9551 0
-0.1625 0.9511 0

0.5444 0.5703 0
0.02908 0.55 0

-0.09466 -0.1582 0
-0.08032 -0.1494 0

-0.1706 0.9531 0
0.2868 0.5601 0

0.6449 0.4212 0
0.6489 0.4375 0

-0.08749 -0.1538 0
0.05806 0.7566 0

0.6519 1.396 0
0.6441 1.41 0

0.6469 0.4294 0
-0.01471 0.3014 0

0.5313 0.3271 0
0.5218 0.3411 0

0.648 1.403 0
0.3161 0.3654 0

-0.2416 -0.1444 0
-0.2384 -0.1278 0

0.5265 0.3341 0
0.4821 0.8842 0

-0.2729 1.069 0
-0.2589 1.078 0

-0.24 -0.1361 0
0.5043 0.6092 0

0.6289 1.25 0
0.6126 1.254 0

-0.2659 1.073 0
0.1322 0.2365 0

-0.6047 0.5371 0
-0.5904 0.5278 0

0.6207 1.252 0
-0.06687 0.655 0

-0.5768 0.5094 0
-0.5909 0.4996 0

-0.5976 0.5325 0
0.2769 0.9535 0

0.308 -0.001292 0
0.3153 -0.01718 0

-0.5838 0.5045 0
-0.1603 0.743 0

-0.6378 0.4722 0
-0.6211 0.4661 0

0.3116 -0.009238 0
-0.3721 0.6237 0

-0.4685 0.3199 0
-0.4527 0.3104 0

-0.6295 0.4692 0
-0.03023 0.3072 0

-0.7173 0.5733 0
-0.7178 0.5548 0

-0.4606 0.3151 0
-0.3298 0.3882 0

-0.01879 -0.08928 0
-0.02027 -0.07081 0

-0.7175 0.564 0
-0.3952 0.3517 0

0.5879 1.476 0
0.5694 1.475 0

-0.01953 -0.08005 0
-0.5564 0.4578 0

-0.07642 0.9502 0
-0.0644 0.9643 0

0.5787 1.475 0
-0.2879 0.1889 0

0.6498 0.5236 0
0.6357 0.5356 0

-0.07041 0.9572 0
0.1454 0.8322 0

-0.7582 0.4944 0
-0.7558 0.476 0

0.6428 0.5296 0
0.03747 0.8947 0

-0.5555 0.6409 0
-0.5676 0.6552 0

-0.757 0.4852 0
0.3401 0.7121 0

-0.7398 0.4995 0
-0.7373 0.5181 0

-0.5615 0.6481 0
-0.2084 0.5987 0

-0.02427 1.15 0
-0.04252 1.155 0

-0.7386 0.5088 0
-0.385 0.6234 0

-0.1234 0.08903 0
-0.1394 0.0793 0

-0.0334 1.152 0
-0.5618 0.5661 0

0.4034 1.382 0
0.4121 1.366 0

-0.1314 0.08417 0
-0.2976 0.8593 0

0.4498 0.5757 0
0.4453 0.5575 0

0.4078 1.374 0
-0.2145 0.4717 0

-0.2109 0.06108 0
-0.2148 0.04251 0

0.4476 0.5666 0
0.09663 0.9229 0

-0.1059 1.192 0
-0.1218 1.182 0

-0.2128 0.0518 0
0.2721 0.7448 0

0.4077 0.4941 0
0.418 0.4782 0

-0.1139 1.187 0
0.02963 0.3983 0

0.4258 1.293 0
0.4441 1.288 0

0.4129 0.4861 0
-0.04213 0.7927 0

-0.5815 0.4707 0
-0.5625 0.471 0

0.4349 1.291 0
0.1854 0.6394 0

-0.204 1.165 0
-0.1894 1.153 0

-0.572 0.4708 0
0.3102 0.9651 0

-0.2612 -0.02741 0
-0.2422 -0.02565 0

-0.1967 1.159 0
-0.1309 0.718 0

0.4347 0.396 0
0.4469 0.4106 0

-0.2517 -0.02653 0
-0.1638 0.9386 0

0.511 1.238 0
0.5104 1.257 0

0.4408 0.4033 0
-0.2077 0.456 0

-0.006968 1.067 0
-0.01508 1.086 0

0.5107 1.247 0
0.1165 0.4297 0

-0.05242 0.04256 0
-0.07119 0.04986 0

-0.01102 1.076 0
0.3136 0.8384 0

0.4542 1.45 0
0.4458 1.432 0

-0.0618 0.04621 0
0.1513 0.9574 0

0.5328 0.593 0
0.5144 0.5849 0

0.45 1.441 0
0.04475 0.5018 0

-0.5501 0.4306 0
-0.5472 0.4106 0

0.5236 0.589 0
0.2474 0.9715 0

0.3876 0.5094 0
0.3696 0.5201 0

-0.5487 0.4206 0
0.3855 0.7802 0

-0.2142 0.08613 0
-0.2194 0.1064 0

0.3786 0.5148 0
-0.08159 0.6004 0

0.4006 1.292 0
0.38 1.288 0

-0.2168 0.09627 0
0.1485 0.5576 0

-0.09059 1.212 0
-0.07991 1.23 0

0.3903 1.29 0
-0.03416 0.3269 0

0.5212 1.377 0
0.5414 1.37 0

-0.08525 1.221 0
0.1781 0.8083 0

-0.1215 -0.02891 0
-0.1273 -0.04948 0

0.5313 1.373 0
0.04641 1.015 0

0.5345 0.4936 0
0.5449 0.475 0

-0.1244 -0.0392 0
0.2889 1.194 0

-0.1064 1.065 0
-0.125 1.055 0

0.5397 0.4843 0
0.08222 0.5775 0

-0.4412 0.4709 0
-0.4616 0.4632 0

-0.1157 1.06 0
0.311 0.5309 0

-0.328 0.5816 0
-0.3505 0.5856 0

-0.4514 0.4671 0
0.09764 0.7956 0

-0.467 0.3462 0
-0.4453 0.3388 0

-0.3393 0.5836 0
-0.1769 0.6313 0

-0.5153 0.4785 0
-0.5165 0.4553 0

-0.4562 0.3425 0
-0.2581 0.6075 0

0.8651 0.7363 0
0.854 0.7572 0

-0.5159 0.4669 0
-0.3571 0.475 0

0.1363 0.7349 0
0.1572 0.746 0

0.8595 0.7467 0
-0.4365 0.4709 0

0.2838 -0.09105 0
0.2908 -0.06849 0

0.1467 0.7405 0
0.2115 0.6088 0

0.6087 1.778 0
0.5866 1.786 0

0.2873 -0.07977 0
0.1791 0.6746 0

-0.6072 0.5556 0
-0.63 0.5616 0

0.5976 1.782 0
0.2332 0.2974 0

0.5479 1.642 0
0.5671 1.628 0

-0.6186 0.5586 0
0.4154 1.04 0

0.1445 -0.03888 0
0.1315 -0.05892 0

0.5575 1.635 0
-0.1016 0.7991 0

0.07468 0.8703 0
0.05132 0.8653 0

0.138 -0.0489 0
0.2279 1.217 0

0.7297 0.6747 0
0.7347 0.6513 0

0.063 0.8678 0
0.183 0.584 0

-0.8796 0.4925 0
-0.8638 0.4742 0

0.7322 0.663 0
0.123 0.7259 0

-0.6826 0.5837 0
-0.6958 0.6042 0

-0.8717 0.4833 0
0.4276 0.6945 0

-0.5823 0.3329 0
-0.5577 0.333 0

-0.6892 0.5939 0
-0.2221 0.5889 0

0.1856 0.7751 0
0.1945 0.798 0

-0.57 0.333 0
-0.4556 0.5914 0

0.2903 -0.02781 0
0.2804 -0.005288 0

0.1901 0.7865 0
-0.5128 0.4622 0

0.8249 0.7856 0
0.802 0.7945 0

0.2853 -0.01655 0
-0.1614 0.6244 0

0.546 1.788 0
0.5229 1.779 0

0.8135 0.7901 0
0.06197 0.3039 0

0.4056 1.216 0
0.418 1.238 0

0.5344 1.784 0
0.4377 0.547 0

0.3415 0.4496 0
0.3655 0.458 0

0.4118 1.227 0
0.4861 1.165 0

-0.1504 1.259 0
-0.142 1.234 0

0.3535 0.4538 0
0.4489 1.196 0

-0.2892 0.07642 0
-0.2662 0.0654 0

-0.1462 1.247 0
0.4012 0.8251 0

0.3078 0.4514 0
0.3174 0.4751 0

-0.2777 0.07091 0
0.1275 1.036 0

-0.3117 0.1016 0
-0.2882 0.1115 0

0.3126 0.4633 0
-0.0751 0.5533 0

-0.1486 1.292 0
-0.1249 1.283 0

-0.2999 0.1065 0
0.1187 0.5083 0

0.3791 1.195 0
0.3706 1.219 0

-0.1367 1.287 0
-0.0906 0.3074 0

-0.4076 0.4834 0
-0.4208 0.4616 0

0.3748 1.207 0
-0.1137 0.7974 0

-0.02126 0.1228 0
-0.01312 0.1472 0

-0.4142 0.4725 0
0.1306 1.002 0

0.4982 0.6718 0
0.4866 0.6948 0

-0.01719 0.135 0
-0.1418 0.7374 0

0.3762 1.486 0
0.3523 1.496 0

0.4924 0.6833 0
-0.0795 0.4362 0

0.07177 1.102 0
0.09482 1.113 0

0.3642 1.491 0
0.2064 0.5598 0

-0.08255 0.008633 0
-0.1075 0.001332 0

0.08329 1.108 0
0.2853 1.026 0

0.5355 0.5477 0
0.5231 0.5249 0

-0.09501 0.004982 0
0.1843 1.067 0

-0.05227 1.064 0
-0.07505 1.077 0

0.5293 0.5363 0
0.04465 0.5358 0

0.4862 1.418 0
0.4919 1.393 0

-0.06366 1.071 0
0.287 0.5361 0

0.4036 1.459 0
0.3783 1.451 0

0.4891 1.405 0
0.1117 0.8034 0

-0.04735 0.09366 0
-0.05652 0.1184 0

0.3909 1.455 0
0.3004 1.104 0

0.5003 0.6327 0
0.4763 0.6437 0

-0.05194 0.106 0
0.3457 1.28 0

0.03275 1.1 0
0.04372 1.124 0

0.4883 0.6382 0
0.1469 0.6928 0

-0.6023 0.6582 0
-0.6235 0.6419 0

0.03823 1.112 0
0.3176 0.6655 0

-0.7287 0.4474 0
-0.7078 0.4647 0

-0.6129 0.6501 0
0.1779 0.8886 0

-0.5232 0.3799 0
-0.5057 0.3585 0

-0.7183 0.4561 0
-0.2175 0.7693 0

-0.4127 0.3647 0
-0.387 0.3756 0

-0.5144 0.3692 0
-0.4679 0.6127 0

-0.452 0.738 0
-0.4797 0.7341 0

-0.3999 0.3701 0
-0.4912 0.4909 0

-0.7598 0.5414 0
-0.7652 0.5694 0

-0.4658 0.736 0
-0.4455 0.4305 0

-0.6894 0.5185 0
-0.7149 0.532 0

-0.7625 0.5554 0
-0.4557 0.5833 0

0.1241 1.015 0
0.09793 1.001 0

-0.7022 0.5252 0
-0.6091 0.5693 0

0.5854 0.7241 0
0.5987 0.6979 0

0.111 1.008 0
-0.6556 0.5473 0

0.407 1.583 0
0.4342 1.573 0

0.592 0.711 0
-0.2723 0.7776 0

0.07741 0.09804 0
0.06829 0.0702 0

0.4206 1.578 0
0.1599 0.7443 0

-0.1216 1.153 0
-0.1503 1.145 0

0.07285 0.08412 0
0.2902 1.161 0

-0.1939 0.02191 0
-0.2086 -0.003966 0

-0.136 1.149 0
0.1815 0.6226 0

0.466 1.308 0
0.4909 1.292 0

-0.2013 0.008971 0
0.02279 0.8856 0

0.4474 0.4784 0
0.4553 0.4497 0

0.4784 1.3 0
-0.08924 0.4473 0

-0.3063 1.14 0
-0.2768 1.133 0

0.4513 0.464 0
0.1946 0.8735 0

0.5978 1.178 0
0.5835 1.205 0

-0.2916 1.136 0
0.323 0.6688 0

-0.3154 -0.1178 0
-0.2895 -0.1019 0

0.5906 1.191 0
0.01571 0.9025 0

0.4602 0.2937 0
0.4673 0.3232 0

-0.3025 -0.1098 0
0.3032 1.047 0

0.5396 1.511 0
0.5513 1.483 0

0.4638 0.3084 0
0.0003403 0.4685 0

0.6371 0.5822 0
0.6272 0.5532 0

0.5455 1.497 0
0.2321 0.3885 0

-0.01784 0.9629 0
-0.04679 0.9728 0

0.6321 0.5677 0
0.3888 0.9427 0

0.01362 -0.03884 0
-0.01386 -0.05231 0

-0.03231 0.9679 0
0.5105 0.7552 0

0.07601 -0.08248 0
0.07455 -0.1132 0

-0.0001202 -0.04558 0
0.2391 0.8615 0

0.5871 1.571 0
0.6176 1.567 0

0.07528 -0.09782 0
0.1195 0.408 0

-0.004575 0.8879 0
-0.0273 0.8673 0

0.6024 1.569 0
0.09738 0.1551 0

0.7121 0.5954 0
0.7327 0.5727 0

-0.01594 0.8776 0
0.3499 0.862 0

0.6337 0.6725 0
0.6581 0.6913 0

0.7224 0.5841 0
0.167 0.8698 0

0.07511 0.02742 0
0.1056 0.02346 0

0.6459 0.6819 0
0.4447 0.7269 0

0.0725 0.9663 0
0.09129 0.9419 0

0.09038 0.02544 0
0.5453 0.7044 0

0.4774 1.577 0
0.4832 1.607 0

0.08189 0.9541 0
0.3178 0.3649 0

0.5177 0.412 0
0.5439 0.3955 0

0.4803 1.592 0
0.1999 0.6595 0

-0.1911 -0.0747 0
-0.1843 -0.105 0

0.5308 0.4037 0
0.3401 1.126 0

0.5626 1.305 0
0.5932 1.31 0

-0.1877 -0.08984 0
0.4354 0.7647 0

-0.188 1.082 0
-0.2045 1.056 0

0.5779 1.307 0
0.1239 0.3374 0

-0.7023 0.4146 0
-0.6861 0.3869 0

-0.1963 1.069 0
0.3509 0.8222 0

-0.8362 0.3894 0
-0.8317 0.3573 0

-0.6942 0.4008 0
0.07731 0.9457 0

-0.4482 0.3687 0
-0.4807 0.3765 0

-0.8339 0.3734 0
-0.3084 0.6732 0

-0.9095 0.2486 0
-0.8895 0.2757 0

-0.4644 0.3726 0
-0.5712 0.5233 0

-0.4645 0.5881 0
-0.4315 0.5967 0

-0.8995 0.2622 0
-0.5178 0.448 0

0.6868 0.6601 0
0.6582 0.6405 0

-0.448 0.5924 0
-0.7086 0.3551 0

0.1038 -0.01885 0
0.06978 -0.01257 0

0.6725 0.6503 0
-0.5783 0.4737 0

0.0601 0.9132 0
0.04045 0.9418 0

0.08682 -0.01571 0
0.04708 0.562 0

0.5253 1.602 0
0.5169 1.569 0

0.05028 0.9275 0
0.06695 0.2731 0

-0.4954 0.5044 0
-0.5293 0.5117 0

0.5211 1.586 0
0.05861 0.6003 0

-0.3426 0.4088 0
-0.3647 0.4359 0

-0.5124 0.5081 0
0.2899 1.093 0

-0.6138 0.4192 0
-0.5808 0.4045 0

-0.3536 0.4223 0
-0.1112 0.8005 0

-0.1662 1.012 0
-0.146 0.9818 0

-0.5973 0.4118 0
-0.2324 0.6114 0

-0.126 -0.1091 0
-0.09041 -0.1161 0

-0.1561 0.9969 0
-0.4149 0.5116 0

0.5881 0.4338 0
0.6182 0.454 0

-0.1082 -0.1126 0
-0.2855 0.7543 0

0.601 1.367 0
0.6102 1.402 0

0.6031 0.4439 0
-0.1968 0.3208 0

-0.8446 0.4273 0
-0.8786 0.4498 0

0.6056 1.385 0
0.2031 0.3824 0

-0.8678 0.557 0
-0.8459 0.5921 0

-0.8616 0.4386 0
0.4044 0.8837 0

-0.6728 0.4875 0
-0.6299 0.4973 0

-0.8568 0.5746 0
-0.2286 0.6611 0

0.481 1.505 0
0.5206 1.485 0

-0.6514 0.4924 0
-0.5427 0.6178 0

0.5888 0.616 0
0.6054 0.575 0

0.5008 1.495 0
-0.597 0.5551 0

0.01604 1.011 0
-0.02501 0.9946 0

0.5971 0.5955 0
-0.04811 1.025 0

0.003445 0.01923 0
-0.01383 -0.02153 0

-0.004485 1.003 0
0.2745 0.8102 0

0.4927 0.9966 0
0.4571 1.023 0

-0.005193 -0.001149 0
0.135 0.9065 0

-0.5029 -0.02429 0
-0.4783 0.0129 0

0.4749 1.01 0
0.06491 0.4527 0

0.2616 0.2272 0
0.2527 0.2709 0

-0.4906 -0.005691 0
0.2699 0.7314 0

-0.3728 1.338 0
-0.3291 1.347 0

0.2571 0.2491 0
-0.1103 0.3628 0

-0.8059 0.6196 0
-0.8354 0.6533 0

-0.3509 1.343 0
0.07339 0.306 0

-0.3203 1.201 0
-0.3399 1.158 0

-0.8207 0.6364 0
-0.1388 0.8244 0

0.5614 1.127 0
0.6063 1.141 0

-0.3301 1.179 0
-0.4797 0.7304 0

-0.3683 -0.0847 0
-0.3521 -0.1286 0

0.5838 1.134 0
-0.4049 0.9549 0

0.3994 0.2797 0
0.442 0.2601 0

-0.3602 -0.1067 0
0.08946 1.044 0

0.6703 0.4378 0
0.6319 0.4086 0

0.4207 0.2699 0
-0.1354 0.4688 0

0.66 1.425 0
0.6505 1.378 0

0.6511 0.4232 0
0.1427 0.3694 0

-0.1622 0.9297 0
-0.1914 0.9681 0

0.6553 1.401 0
0.3969 0.3963 0

-0.06499 -0.1644 0
-0.1127 -0.1579 0

-0.1768 0.9489 0
0.5261 0.8987 0

-0.6617 0.6719 0
-0.6662 0.6232 0

-0.08886 -0.1611 0
0.1746 0.9238 0

-0.06601 -0.04198 0
-0.107 -0.0694 0

-0.6639 0.6476 0
0.04289 0.3813 0

-0.07636 1.017 0
-0.1247 1.027 0

-0.0865 -0.05569 0
-0.3105 0.5144 0

0.583 0.5236 0
0.5734 0.4753 0

-0.1005 1.022 0
-0.1985 0.2294 0

0.5378 1.431 0
0.5626 1.389 0

0.5782 0.4995 0
-0.1495 0.6256 0

-0.9384 0.2737 0
-0.9362 0.3232 0

0.5502 1.41 0
0.2143 0.5625 0

0.777 0.5501 0
0.7753 0.6 0

-0.9373 0.2985 0
0.3822 0.9863 0

0.08992 -0.1604 0
0.1239 -0.124 0

0.7762 0.5751 0
-0.2775 0.6424 0

-0.04986 0.823 0
-3.549e-05 0.8247 0

0.1069 -0.1422 0
0.2493 0.6087 0

0.6658 1.58 0
0.6315 1.616 0

-0.02495 0.8238 0
0.1781 0.2333 0

0.1269 0.8471 0
0.1718 0.8725 0

0.6486 1.598 0
0.07658 0.5286 0

0.5307 1.696 0
0.482 1.713 0

0.1494 0.8598 0
0.3626 1.063 0

0.1979 -0.01833 0
0.2116 0.03132 0

0.5064 1.705 0
0.256 0.9615 0

0.7529 0.7269 0
0.7275 0.7718 0

0.2047 0.006495 0
0.3812 1.333 0

-0.4915 0.6208 0
-0.4449 0.6466 0

0.7402 0.7494 0
0.293 0.6698 0

-0.3589 -0.1815 0
-0.3094 -0.2011 0

-0.4682 0.6337 0
0.5166 0.7096 0

0.4745 0.2179 0
0.5234 0.239 0

-0.3342 -0.1913 0
0.02417 0.6716 0

-0.3821 1.125 0
-0.361 1.077 0

0.499 0.2285 0
-0.155 0.2402 0

0.6586 1.13 0
0.6813 1.179 0

-0.3715 1.101 0
0.172 0.2343 0

-0.177 1.289 0
-0.2305 1.291 0

0.6699 1.154 0
-0.09978 0.6677 0

0.3112 0.423 0
0.3085 0.3695 0

-0.2038 1.29 0
0.2851 0.9111 0

0.4005 1.176 0
0.4338 1.134 0

0.3099 0.3962 0
0.04066 1.101 0

-0.3293 0.07903 0
-0.3691 0.0431 0

0.4171 1.155 0
0.1753 0.7484 0

0.5287 0.8031 0
0.5373 0.7501 0

-0.3492 0.06107 0
0.2962 0.9519 0

0.09319 0.1941 0
0.06179 0.1505 0

0.533 0.7766 0
-0.0265 0.5065 0

0.3121 1.605 0
0.3537 1.571 0

0.07749 0.1723 0
0.2532 0.6415 0

0.2031 1.071 0
0.1501 1.063 0

0.3329 1.588 0
0.1654 0.4069 0

-0.6308 0.2321 0
-0.6779 0.2646 0

0.1766 1.067 0
0.2491 0.9975 0

-0.8731 0.3783 0
-0.8812 0.3198 0

-0.6544 0.2483 0
0.2129 1.032 0

-0.9736 0.5864 0
-0.9151 0.6022 0

-0.8771 0.349 0
-0.2207 0.6403 0

0.6454 0.812 0
0.6946 0.8487 0

-0.9444 0.5943 0
-0.5489 0.4947 0

-0.9452 0.4809 0
-0.9131 0.5338 0

0.67 0.8304 0
-0.7466 0.5445 0

0.6342 1.518 0
0.676 1.472 0

-0.9292 0.5074 0
-0.03833 0.6874 0

0.7123 0.5244 0
0.7134 0.4625 0

0.6551 1.495 0
-0.4837 0.5974 0

0.02592 -0.1329 0
-0.01707 -0.1774 0

0.7128 0.4934 0
0.08568 1.046 0

-0.07561 0.8877 0
-0.1375 0.8866 0

0.004427 -0.1551 0
0.3993 0.7697 0

-0.6687 0.423 0
-0.6259 0.378 0

-0.1066 0.8872 0
0.2018 0.3073 0

0.523 1.329 0
0.5509 1.273 0

-0.6473 0.4005 0
0.04764 0.5972 0

0.5043 0.4568 0
0.4881 0.3961 0

0.5369 1.301 0
-0.2998 0.4989 0

-0.1432 1.096 0
-0.2039 1.112 0

0.4962 0.4265 0
0.1186 0.9 0

-0.1689 -0.03362 0
-0.2233 -0.06507 0

-0.1735 1.104 0
0.3074 0.6632 0

-0.988 0.4242 0
-1.051 0.3908 0

-0.1961 -0.04935 0
0.06693 0.8835 0

0.3188 0.5577 0
0.2887 0.4917 0

-1.02 0.4075 0
-0.06458 0.4171 0

-0.04232 1.281 0
-0.1083 1.311 0

0.3038 0.5247 0
-0.5421 0.4123 0

-0.2287 0.1689 0
-0.2967 0.1435 0

-0.07534 1.296 0
-0.1191 0.4685 0

0.3171 1.282 0
0.3382 1.213 0

-0.2627 0.1562 0
-0.09724 0.8823 0

0.5136 1.643 0
0.4402 1.629 0

0.3276 1.248 0
-0.18 0.5193 0

0.09857 0.895 0
0.1363 0.9595 0

0.4769 1.636 0
0.07382 0.8834 0

0.144 -0.004562 0
0.125 0.06773 0

0.1174 0.9272 0
0.2754 1.26 0

0.705 0.6986 0
0.6405 0.7363 0

0.1345 0.03158 0
0.1964 1.094 0

-0.1177 0.1148 0
-0.1179 0.1952 0

0.6728 0.7174 0
0.1654 0.5626 0

0.4356 0.598 0
0.3786 0.6546 0

-0.1178 0.155 0
0.4191 0.64 0

0.378 1.39 0
0.2978 1.395 0

0.4071 0.6263 0
0.1507 0.3975 0

-0.002015 1.164 0
0.05465 1.221 0

0.3379 1.392 0
0.2789 0.5119 0

-0.5001 0.5458 0
-0.4086 0.5449 0

0.02632 1.193 0
0.3084 0.952 0

-0.6633 0.322 0
-0.7549 0.3202 0

-0.4544 0.5453 0
0.1674 1.072 0

-0.7848 0.4524 0
-0.8249 0.5352 0

-0.7091 0.3211 0
-0.1435 0.8089 0

-1.116 0.4702 0
-1.063 0.5574 0

-0.8049 0.4938 0
-0.4263 0.565 0

0.1247 1.125 0
0.05954 1.028 0

-1.089 0.5138 0
-0.6156 0.5294 0

0.4749 0.7247 0
0.5721 0.6595 0

0.0921 1.077 0
-0.8525 0.5216 0

0.3237 1.511 0
0.4397 1.526 0

0.5235 0.6921 0
-0.3802 0.7991 0

-0.0003505 0.1766 0
0.02234 0.06186 0

0.3817 1.518 0
0.07162 0.7456 0

0.5206 1.807 0
0.5907 1.677 0

0.011 0.1192 0
0.2266 1.132 0

0.8187 0.8169 0
0.7852 0.6729 0

0.5557 1.742 0
0.1188 0.6256 0

0.2169 0.7813 0
0.0729 0.8148 0

0.802 0.7449 0
0.3372 1.184 0

-0.5033 0.3181 0
-0.5841 0.4454 0

0.1449 0.798 0
0.5696 0.9644 0

0.4557 1.266 0
0.6147 1.274 0

-0.5437 0.3817 0
0.3572 0.8812 0

-0.2362 0.02953 0
-0.2181 -0.1287 0

0.5352 1.27 0
-0.09324 0.6315 0

0.4121 0.4539 0
0.5367 0.3547 0

-0.2272 -0.04958 0
0.221 0.9508 0

-0.1461 1.188 0
-0.2453 1.063 0

0.4744 0.4043 0
-0.003086 0.4506 0

0.3195 -0.1663 0
0.1825 -0.07942 0

-0.1957 1.126 0
0.2357 0.4275 0

-0.2293 0.6096 0
-0.08567 0.729 0

0.251 -0.1229 0
0.01999 0.7765 0

0.182 0.1178 0
0.3318 0.2407 0

-0.1575 0.6693 0
0.1355 0.3268 0

0.686 1.808 0
0.7599 1.615 0

0.2569 0.1793 0
-0.01099 0.4981 0

0.9435 0.7083 0
0.871 0.5143 0

0.723 1.712 0
0.1229 0.3387 0

-0.08728 -0.2346 0
0.131 -0.2522 0

0.9072 0.6113 0
0.423 1.025 0

-0.759 0.6106 0
-0.527 0.7117 0

0.02188 -0.2434 0
0.6651 0.8182 0

-0.3593 1.268 0
-0.6172 1.285 0

-0.643 0.6612 0
0.3435 0.2874 0

-0.4437 -0.06439 0
-0.6378 -0.2351 0

-0.4882 1.276 0
-0.1497 0.4743 0

0.1083 0.6565 0
0.212 0.9546 0

-0.5407 -0.1497 0
-0.319 0.8754 0

0.5364 1.053 0
0.7287 1.398 0

0.1602 0.8056 0
-0.4299 0.3628 0

-1.027 0.6858 0
-1.193 0.3038 0

0.6326 1.226 0
-0.1349 0.5842 0

-0.2096 0.3552 0
-0.2276 0.8958 0

-1.11 0.4948 0
0.2488 0.9049 0

0.7042 0.3724 0
-0.2186 0.6255 0

0.3938 1.689 0
0.2428 0.4989 0

-0.4307 0.6999 0
0.2428 0.4989 0
